0, 21.0
1, 12.0
2,  2.0
3,  0.0
4,  0.0
5,  9.0
6, 21.0
7, 29.0
8, 20.0
9, 37.0
10, 49.0
11, 42.0
12, 19.0
13, 10.0
14, 23.0
15, 29.0
16, 32.0
17, 22.0
18, 34.0
19, 39.0
20, 41.0
21, 33.0
22, 33.0
23, 38.0
24, 53.0
25, 60.0
26, 40.0
27, 29.0
28, 31.0
29, 29.0
30, 29.0
31, 33.0
32, 45.0
33, 48.0
34, 46.0
35, 31.0
36, 35.0
37, 46.0
38, 35.0
39, 15.0
40,  7.0
41, 19.0
42, 26.0
43, 26.0
44, 32.0
45, 34.0
46, 33.0
47, 20.0
48,  7.0
49,  3.0
50,  1.0
51,  7.0
52, 10.0
53,  5.0
54,  0.0
55,  1.0
56, 14.0
57,  9.0
58, 23.0
59, 42.0
60, 42.0
61, 20.0
62,  6.0
63, 12.0
64, 32.0
65, 36.0
66, 34.0
67, 25.0
68, 18.0
69, 16.0
70, 28.0
71, 45.0
72, 49.0
73, 47.0
74, 45.0
75, 37.0
76, 14.0
77, 11.0
78, 22.0
79, 31.0
80, 25.0
81, 28.0
82, 23.0
83, 16.0
84,  6.0
85, 14.0
86, 24.0
87, 32.0
88, 23.0
89,  2.0
90,  0.0
91,  0.0
92,  2.0
93, 10.0
94, 13.0
95,  9.0
96, 10.0
97, 16.0
98, 33.0
99, 36.0
100, 32.0
101, 29.0
102, 31.0
103, 20.0
104,  6.0
105,  8.0
106, 42.0
107, 51.0
108, 43.0
109, 39.0
110, 51.0
111, 33.0
112, 16.0
113, 18.0
114, 30.0
115, 28.0
116, 29.0
117, 33.0
118, 37.0
119, 29.0
120, 15.0
121, 11.0
122, 25.0
123, 30.0
124, 21.0
125, 22.0
126, 32.0
127, 34.0
128, 21.0
129, 25.0
130, 21.0
131, 21.0
132, 16.0
133, 26.0
134, 24.0
135,  4.0
136,  0.0
137,  0.0
138,  9.0
139, 25.0
140, 22.0
141, 10.0
142, 15.0
143, 30.0
144, 21.0
145, 11.0
146, 23.0
147, 30.0
148, 22.0
149, 16.0
150, 20.0
151, 29.0
152, 39.0
153, 32.0
154, 21.0
155, 15.0
156, 39.0
157, 42.0
158, 32.0
159,  8.0
160, 21.0
161, 33.0
162, 41.0
163, 35.0
164, 37.0
165, 35.0
166, 27.0
167, 13.0
168, 17.0
169, 16.0
170, 20.0
171, 32.0
172, 49.0
173, 44.0
174, 27.0
175, 37.0
176, 43.0
177, 41.0
178, 15.0
179,  9.0
180, 11.0
181, 28.0
182, 30.0
183, 31.0
184, 43.0
185, 55.0
186, 55.0
187, 45.0
188, 30.0
189,  4.0
190,  0.0
191, 15.0
192, 32.0
193, 27.0
194, 27.0
195, 32.0
196, 34.0
197, 46.0
198, 54.0
199, 53.0
200, 34.0
201, 27.0
202, 22.0
203, 21.0
204, 27.0
205, 27.0
206, 16.0
207,  9.0
208, 18.0
209, 28.0
210, 28.0
211, 18.0
212,  8.0
213,  0.0
214,  0.0
215, 18.0
216, 35.0
217, 25.0
218, 22.0
219, 34.0
220, 42.0
221, 41.0
222, 44.0
223, 49.0
224, 40.0
225, 31.0
226, 22.0
227, 34.0
228, 46.0
229, 37.0
230, 20.0
231, 24.0
232, 37.0
233, 34.0
234, 20.0
235, 10.0
236, 10.0
237, 14.0
238, 19.0
239, 19.0
240, 21.0
241, 19.0
242, 23.0
243, 40.0
244, 49.0
245, 37.0
246, 18.0
247, 22.0
248, 36.0
249, 43.0
250, 32.0
251, 18.0
252,  0.0
253,  3.0
254, 27.0
255, 45.0
256, 28.0
257, 15.0
258, 20.0
259, 23.0
260, 34.0
261, 56.0
262, 52.0
263, 30.0
264, 24.0
265, 20.0
266, 16.0
267, 19.0
268, 26.0
269, 27.0
270, 24.0
271, 32.0
272, 41.0
273, 44.0
274, 30.0
275, 22.0
276,  5.0
277,  2.0
278, 14.0
279, 14.0
280,  0.0
281,  5.0
282, 38.0
283, 56.0
284, 38.0
285, 23.0
286, 16.0
287, 18.0
288, 17.0
289, 15.0
290,  4.0
291,  0.0
292,  0.0
293,  5.0
294,  7.0
295, 12.0
296, 13.0
297,  5.0
298,  0.0
299, 13.0
300, 26.0
301, 27.0
302, 30.0
303, 30.0
304, 15.0
305, 16.0
306, 32.0
307, 29.0
308,  9.0
309, 22.0
310, 49.0
311, 56.0
312, 42.0
313, 29.0
314, 17.0
315, 18.0
316, 28.0
317, 34.0
318, 36.0
319, 41.0
320, 56.0
321, 46.0
322, 28.0
323, 27.0
324, 49.0
325, 60.0
326, 55.0
327, 52.0
328, 47.0
329, 50.0
330, 44.0
331, 37.0
332, 16.0
333,  0.0
334,  0.0
335,  0.0
336,  0.0
337,  5.0
338, 21.0
339, 43.0
340, 43.0
341, 30.0
342, 11.0
343,  6.0
344,  9.0
345, 17.0
346, 16.0
347, 25.0
348, 22.0
349, 15.0
350, 11.0
351, 15.0
352, 13.0
353,  8.0
354, 18.0
355, 23.0
356, 12.0
357,  0.0
358,  0.0
359,  4.0
360,  8.0
361,  8.0
362, 20.0
363, 29.0
364, 26.0
365, 31.0
366, 27.0
367, 28.0
368, 35.0
369, 48.0
370, 51.0
371, 45.0
372, 32.0
373, 19.0
374,  3.0
375,  0.0
376,  0.0
377, 13.0
378, 36.0
379, 33.0
380, 28.0
381, 22.0
382, 27.0
383, 21.0
384,  4.0
385,  0.0
386, 18.0
387, 27.0
388, 24.0
389, 22.0
390, 26.0
391, 36.0
392, 54.0
393, 63.0
394, 52.0
395, 41.0
396, 40.0
397, 40.0
398, 38.0
399, 32.0
400, 31.0
401, 39.0
402, 54.0
403, 53.0
404, 40.0
405, 28.0
406, 22.0
407, 15.0
408, 15.0
409, 24.0
410, 32.0
411, 37.0
412, 34.0
413, 31.0
414, 26.0
415, 31.0
416, 36.0
417, 41.0
418, 33.0
419, 29.0
420, 22.0
421, 28.0
422, 37.0
423, 46.0
424, 44.0
425, 29.0
426, 17.0
427,  9.0
428, 23.0
429, 35.0
430, 43.0
431, 30.0
432, 26.0
433, 34.0
434, 53.0
435, 50.0
436, 31.0
437, 21.0
438, 20.0
439, 25.0
440, 37.0
441, 47.0
442, 44.0
443, 36.0
444, 38.0
445, 36.0
446, 40.0
447, 28.0
448, 12.0
449,  9.0
450, 36.0
451, 56.0
452, 59.0
453, 48.0
454, 37.0
455, 35.0
456, 31.0
457, 26.0
458, 30.0
459, 47.0
460, 51.0
461, 53.0
462, 48.0
463, 32.0
464, 15.0
465, 23.0
466, 38.0
467, 27.0
468, 26.0
469, 31.0
470, 41.0
471, 33.0
472, 39.0
473, 39.0
474, 29.0
475, 14.0
476, 17.0
477, 35.0
478, 37.0
479, 24.0
480, 26.0
481, 46.0
482, 50.0
483, 48.0
484, 44.0
485, 30.0
486,  0.0
487,  0.0
488,  0.0
489, 10.0
490, 49.0
491, 68.0
492, 51.0
493, 43.0
494, 59.0
495, 73.0
496, 70.0
497, 39.0
498, 13.0
499,  0.0
500,  0.0
501,  0.0
502, 19.0
503, 38.0
504, 50.0
505, 49.0
506, 51.0
507, 46.0
508, 44.0
509, 34.0
510, 46.0
511, 64.0
512, 55.0
513, 19.0
514, 15.0
515, 23.0
516, 30.0
517, 33.0
518, 45.0
519, 48.0
520, 59.0
521, 64.0
522, 66.0
523, 52.0
524, 45.0
525, 33.0
526, 36.0
527, 42.0
528, 40.0
529, 25.0
530, 14.0
531, 21.0
532, 20.0
533, 23.0
534, 15.0
535, 21.0
536, 37.0
537, 56.0
538, 46.0
539, 35.0
540, 35.0
541, 50.0
542, 59.0
543, 61.0
544, 56.0
545, 46.0
546, 30.0
547, 31.0
548, 29.0
549, 19.0
550, 17.0
551, 40.0
552, 65.0
553, 61.0
554, 52.0
555, 39.0
556, 27.0
557, 27.0
558, 59.0
559, 89.0
560, 76.0
561, 48.0
562, 54.0
563, 88.0
564, 79.0
565, 47.0
566, 16.0
567, 14.0
568, 29.0
569, 48.0
570, 51.0
571, 43.0
572, 44.0
573, 45.0
574, 38.0
575, 25.0
576, 26.0
577, 37.0
578, 52.0
579, 62.0
580, 67.0
581, 59.0
582, 41.0
583, 35.0
584, 36.0
585, 42.0
586, 32.0
587, 27.0
588, 31.0
589, 46.0
590, 33.0
591, 19.0
592, 34.0
593, 62.0
594, 47.0
595, 26.0
596, 32.0
597, 38.0
598, 29.0
599, 32.0
600, 37.0
601, 46.0
602, 48.0
603, 57.0
604, 61.0
605, 65.0
606, 51.0
607, 38.0
608, 40.0
609, 45.0
610, 30.0
611,  9.0
612,  2.0
613, 20.0
614, 48.0
615, 70.0
616, 66.0
617, 55.0
618, 55.0
619, 66.0
620, 67.0
621, 63.0
622, 70.0
623,102.0
624,165.0
625,244.0
626,371.0
627,522.0
628,688.0
629,869.0
630,1138.0
631,1471.0
632,1799.0
633,2003.0
634,2029.0
635,1885.0
636,1607.0
637,1178.0
638,705.0
639,342.0
640,160.0
641, 78.0
642, 57.0
643, 67.0
644, 84.0
645, 80.0
646, 71.0
647, 54.0
648, 49.0
649, 65.0
650, 71.0
651, 49.0
652, 23.0
653, 16.0
654,  6.0
655,  2.0
656, 27.0
657, 56.0
658, 60.0
659, 49.0
660, 52.0
661, 55.0
662, 33.0
663, 11.0
664, 16.0
665, 32.0
666, 37.0
667, 43.0
668, 53.0
669, 37.0
670, 21.0
671, 12.0
672, 12.0
673, 21.0
674, 36.0
675, 35.0
676, 16.0
677,  8.0
678, 21.0
679, 33.0
680, 24.0
681, 14.0
682, 28.0
683, 37.0
684, 36.0
685, 35.0
686, 43.0
687, 41.0
688, 44.0
689, 56.0
690, 52.0
691, 45.0
692, 34.0
693, 49.0
694, 48.0
695, 35.0
696, 25.0
697, 36.0
698, 45.0
699, 34.0
700, 35.0
701, 30.0
702, 16.0
703,  5.0
704, 17.0
705, 24.0
706, 22.0
707, 12.0
708,  4.0
709,  0.0
710,  0.0
711,  0.0
712,  1.0
713, 25.0
714, 44.0
715, 30.0
716, 11.0
717, 18.0
718, 13.0
719,  0.0
720,  0.0
721,  0.0
722, 22.0
723, 41.0
724, 35.0
725, 19.0
726,  7.0
727, 12.0
728, 25.0
729, 32.0
730, 24.0
731, 11.0
732, 14.0
733, 13.0
734,  6.0
735,  0.0
736,  3.0
737, 15.0
738, 20.0
739, 22.0
740, 27.0
741, 20.0
742,  9.0
743, 15.0
744, 25.0
745, 30.0
746, 34.0
747, 27.0
748,  9.0
749,  4.0
750, 13.0
751, 20.0
752, 22.0
753, 20.0
754, 16.0
755,  3.0
756, 12.0
757, 27.0
758, 36.0
759, 30.0
760, 20.0
761,  0.0
762,  0.0
763,  0.0
764, 10.0
765, 31.0
766, 43.0
767, 32.0
768, 30.0
769, 37.0
770, 40.0
771, 24.0
772,  8.0
773,  0.0
774,  9.0
775, 18.0
776, 13.0
777, 11.0
778, 16.0
779, 15.0
780, 21.0
781, 31.0
782, 41.0
783, 25.0
784, 12.0
785,  0.0
786,  0.0
787,  0.0
788,  0.0
789,  0.0
790,  0.0
791,  8.0
792, 16.0
793, 19.0
794,  8.0
795,  6.0
796,  9.0
797, 19.0
798, 23.0
799,  7.0
800,  5.0
801,  6.0
802, 14.0
803,  4.0
804, 12.0
805, 29.0
806, 46.0
807, 47.0
808, 40.0
809, 30.0
810, 21.0
811, 20.0
812, 20.0
813, 22.0
814, 36.0
815, 29.0
816,  0.0
817,  0.0
818,  0.0
819,  0.0
820, 10.0
821, 25.0
822, 15.0
823, 11.0
824,  8.0
825, 17.0
826, 10.0
827, 17.0
828,  8.0
829,  4.0
830, 18.0
831, 33.0
832, 30.0
833, 19.0
834, 18.0
835, 17.0
836, 13.0
837, 12.0
838, 17.0
839, 18.0
840, 14.0
841, 17.0
842, 27.0
843, 34.0
844, 27.0
845, 29.0
846, 27.0
847, 14.0
848,  5.0
849, 10.0
850, 35.0
851, 39.0
852, 46.0
853, 38.0
854, 36.0
855, 26.0
856,  7.0
857,  0.0
858,  0.0
859, 23.0
860, 45.0
861, 43.0
862, 10.0
863,  0.0
864,  0.0
865,  2.0
866, 10.0
867,  6.0
868, 10.0
869, 12.0
870, 21.0
871, 34.0
872, 35.0
873, 25.0
874, 18.0
875, 16.0
876, 18.0
877, 35.0
878, 57.0
879, 46.0
880, 34.0
881, 26.0
882, 26.0
883,  7.0
884,  0.0
885,  0.0
886,  6.0
887, 12.0
888, 17.0
889, 30.0
890, 24.0
891, 17.0
892, 19.0
893, 22.0
894, 13.0
895,  7.0
896, 10.0
897, 20.0
898, 43.0
899, 51.0
900, 50.0
901, 45.0
902, 41.0
903, 40.0
904, 35.0
905, 25.0
906, 26.0
907, 31.0
908, 24.0
909, 33.0
910, 65.0
911, 76.0
912, 84.0
913,119.0
914,170.0
915,229.0
916,313.0
917,427.0
918,556.0
919,680.0
920,746.0
921,754.0
922,712.0
923,600.0
924,418.0
925,228.0
926,101.0
927, 44.0
928, 35.0
929, 39.0
930, 31.0
931, 34.0
932, 28.0
933,  9.0
934,  0.0
935,  0.0
936, 28.0
937, 48.0
938, 46.0
939, 32.0
940, 23.0
941, 13.0
942, 12.0
943,  9.0
944, 17.0
945, 23.0
946, 25.0
947, 18.0
948, 18.0
949, 21.0
950, 29.0
951, 39.0
952, 37.0
953, 31.0
954, 30.0
955, 33.0
956, 42.0
957, 36.0
958, 17.0
959,  0.0
960,  7.0
961, 22.0
962, 40.0
963, 29.0
964, 12.0
965,  7.0
966, 28.0
967, 39.0
968, 34.0
969, 30.0
970, 40.0
971, 47.0
972, 38.0
973, 16.0
974, 14.0
975, 29.0
976, 35.0
977, 23.0
978, 15.0
979, 21.0
980, 26.0
981, 17.0
982, 15.0
983, 21.0
984, 25.0
985, 23.0
986, 25.0
987, 36.0
988, 34.0
989, 16.0
990,  0.0
991,  9.0
992, 16.0
993, 20.0
994, 28.0
995, 37.0
996, 31.0
997, 12.0
998,  7.0
999, 20.0
1000, 33.0
1001, 30.0
1002, 12.0
1003,  3.0
1004, 14.0
1005, 33.0
1006, 28.0
1007, 19.0
1008, 17.0
1009, 25.0
1010, 23.0
1011,  9.0
1012,  0.0
1013, 10.0
1014, 32.0
1015, 28.0
1016, 25.0
1017, 29.0
1018, 32.0
1019, 38.0
1020, 47.0
1021, 32.0
1022,  0.0
1023,  0.0
1024,  0.0
1025,  3.0
1026, 23.0
1027, 43.0
1028, 37.0
1029, 35.0
1030, 46.0
1031, 49.0
1032, 32.0
1033, 17.0
1034, 21.0
1035, 32.0
1036, 32.0
1037, 31.0
1038, 33.0
1039, 44.0
1040, 49.0
1041, 45.0
1042, 28.0
1043, 23.0
1044, 26.0
1045, 24.0
1046, 24.0
1047, 35.0
1048, 42.0
1049, 31.0
1050, 26.0
1051, 11.0
1052, 12.0
1053, 26.0
1054, 42.0
1055, 29.0
1056, 23.0
1057, 33.0
1058, 34.0
1059, 40.0
1060, 43.0
1061, 27.0
1062,  0.0
1063,  0.0
1064, 14.0
1065, 40.0
1066, 45.0
1067, 31.0
1068, 44.0
1069, 60.0
1070, 46.0
1071, 18.0
1072, 22.0
1073, 31.0
1074, 16.0
1075, 16.0
1076, 23.0
1077, 20.0
1078, 15.0
1079, 30.0
1080, 27.0
1081, 24.0
1082, 24.0
1083, 22.0
1084, 13.0
1085, 11.0
1086,  1.0
1087,  0.0
1088, 14.0
1089, 29.0
1090, 26.0
1091, 25.0
1092, 36.0
1093, 48.0
1094, 32.0
1095,  5.0
1096,  2.0
1097, 16.0
1098, 30.0
1099, 36.0
1100, 34.0
1101, 23.0
1102, 13.0
1103, 13.0
1104, 17.0
1105, 22.0
1106, 27.0
1107, 26.0
1108, 26.0
1109, 30.0
1110, 26.0
1111, 16.0
1112, 13.0
1113, 37.0
1114, 39.0
1115, 17.0
1116,  0.0
1117,  2.0
1118, 16.0
1119, 30.0
1120, 32.0
1121, 26.0
1122, 25.0
1123, 25.0
1124,  2.0
1125,  0.0
1126,  0.0
1127,  9.0
1128, 16.0
1129, 23.0
1130, 35.0
1131, 42.0
1132, 39.0
1133, 26.0
1134, 19.0
1135, 26.0
1136, 38.0
1137, 35.0
1138, 29.0
1139, 24.0
1140, 17.0
1141,  0.0
1142,  1.0
1143,  0.0
1144,  0.0
1145,  0.0
1146,  5.0
1147,  9.0
1148, 10.0
1149,  2.0
1150,  4.0
1151, 17.0
1152, 28.0
1153, 10.0
1154,  0.0
1155,  0.0
1156,  8.0
1157,  9.0
1158, 12.0
1159, 16.0
1160, 20.0
1161, 23.0
1162, 23.0
1163, 11.0
1164,  7.0
1165, 12.0
1166,  5.0
1167,  0.0
1168,  0.0
1169, 13.0
1170, 28.0
1171, 39.0
1172, 39.0
1173, 21.0
1174, 19.0
1175, 24.0
1176, 16.0
1177,  0.0
1178, 12.0
1179, 30.0
1180, 32.0
1181, 24.0
1182, 17.0
1183, 17.0
1184, 29.0
1185, 32.0
1186, 27.0
1187, 20.0
1188, 37.0
1189, 38.0
1190, 20.0
1191,  6.0
1192,  5.0
1193, 13.0
1194, 29.0
1195, 45.0
1196, 42.0
1197, 20.0
1198,  3.0
1199,  8.0
1200, 33.0
1201, 45.0
1202, 45.0
1203, 35.0
1204, 32.0
1205, 35.0
1206, 45.0
1207, 53.0
1208, 63.0
1209, 63.0
1210, 41.0
1211, 36.0
1212, 34.0
1213, 27.0
1214,  6.0
1215,  3.0
1216,  1.0
1217, 14.0
1218, 31.0
1219, 36.0
1220, 21.0
1221, 20.0
1222, 34.0
1223, 48.0
1224, 38.0
1225, 28.0
1226, 29.0
1227, 44.0
1228, 38.0
1229, 19.0
1230,  7.0
1231,  0.0
1232,  8.0
1233, 35.0
1234, 55.0
1235, 37.0
1236, 23.0
1237, 19.0
1238, 18.0
1239, 27.0
1240, 46.0
1241, 45.0
1242, 32.0
1243, 31.0
1244, 48.0
1245, 52.0
1246, 42.0
1247, 24.0
1248, 12.0
1249, 10.0
1250, 17.0
1251, 19.0
1252, 14.0
1253, 15.0
1254, 13.0
1255,  4.0
1256,  2.0
1257,  0.0
1258,  0.0
1259,  0.0
1260,  8.0
1261,  9.0
1262, 19.0
1263, 27.0
1264, 23.0
1265, 12.0
1266,  6.0
1267,  0.0
1268,  2.0
1269,  2.0
1270,  0.0
1271,  0.0
1272,  0.0
1273,  0.0
1274, 21.0
1275, 35.0
1276, 51.0
1277, 41.0
1278, 29.0
1279, 18.0
1280, 27.0
1281, 22.0
1282, 26.0
1283, 22.0
1284, 28.0
1285, 36.0
1286, 50.0
1287, 45.0
1288, 44.0
1289, 39.0
1290, 24.0
1291,  0.0
1292,  0.0
1293,  0.0
1294,  0.0
1295, 19.0
1296, 31.0
1297, 26.0
1298, 20.0
1299, 28.0
1300, 32.0
1301, 21.0
1302, 12.0
1303, 13.0
1304, 21.0
1305, 24.0
1306, 27.0
1307, 33.0
1308, 27.0
1309, 11.0
1310,  0.0
1311,  0.0
1312,  0.0
1313,  0.0
1314,  7.0
1315, 13.0
1316, 24.0
1317, 39.0
1318, 34.0
1319, 24.0
1320, 21.0
1321, 28.0
1322, 25.0
1323, 21.0
1324, 23.0
1325, 31.0
1326, 36.0
1327, 26.0
1328, 25.0
1329, 30.0
1330, 35.0
1331, 21.0
1332, 21.0
1333, 21.0
1334, 33.0
1335, 29.0
1336, 22.0
1337,  5.0
1338,  1.0
1339,  0.0
1340,  3.0
1341, 14.0
1342, 31.0
1343, 26.0
1344, 15.0
1345, 21.0
1346, 38.0
1347, 30.0
1348, 21.0
1349, 18.0
1350, 22.0
1351, 25.0
1352, 39.0
1353, 40.0
1354, 28.0
1355, 12.0
1356, 10.0
1357, 32.0
1358, 46.0
1359, 33.0
1360,  3.0
1361,  0.0
1362, 10.0
1363, 29.0
1364, 38.0
1365, 39.0
1366, 38.0
1367, 27.0
1368, 18.0
1369, 28.0
1370, 37.0
1371, 23.0
1372,  0.0
1373,  4.0
1374, 28.0
1375, 31.0
1376, 25.0
1377, 17.0
1378, 16.0
1379, 22.0
1380, 35.0
1381, 44.0
1382, 28.0
1383,  7.0
1384,  6.0
1385, 27.0
1386, 25.0
1387,  3.0
1388,  0.0
1389, 16.0
1390, 18.0
1391, 16.0
1392, 17.0
1393, 21.0
1394, 13.0
1395, 11.0
1396,  6.0
1397,  5.0
1398, 10.0
1399, 21.0
1400, 39.0
1401, 55.0
1402, 62.0
1403, 55.0
1404, 41.0
1405, 22.0
1406, 15.0
1407, 12.0
1408,  3.0
1409,  1.0
1410, 20.0
1411, 42.0
1412, 47.0
1413, 49.0
1414, 55.0
1415, 55.0
1416, 31.0
1417,  8.0
1418,  6.0
1419, 23.0
1420, 36.0
1421, 28.0
1422, 16.0
1423, 11.0
1424, 11.0
1425, 13.0
1426, 14.0
1427, 22.0
1428, 24.0
1429, 30.0
1430, 25.0
1431, 34.0
1432, 39.0
1433, 43.0
1434, 21.0
1435, 21.0
1436, 39.0
1437, 50.0
1438, 32.0
1439, 21.0
1440, 25.0
1441, 33.0
1442, 36.0
1443, 47.0
1444, 46.0
1445, 40.0
1446, 30.0
1447, 30.0
1448, 23.0
1449, 21.0
1450, 15.0
1451, 24.0
1452, 29.0
1453, 26.0
1454, 19.0
1455, 21.0
1456, 17.0
1457, 19.0
1458, 25.0
1459, 23.0
1460, 30.0
1461, 45.0
1462, 39.0
1463, 17.0
1464, 13.0
1465, 33.0
1466, 47.0
1467, 50.0
1468, 38.0
1469, 27.0
1470, 22.0
1471, 29.0
1472, 45.0
1473, 55.0
1474, 47.0
1475, 35.0
1476, 35.0
1477, 56.0
1478, 53.0
1479, 33.0
1480,  9.0
1481, 21.0
1482, 27.0
1483, 16.0
1484,  8.0
1485, 11.0
1486, 16.0
1487, 18.0
1488, 27.0
1489, 29.0
1490, 30.0
1491, 38.0
1492, 29.0
1493, 21.0
1494, 23.0
1495, 30.0
1496, 31.0
1497, 35.0
1498, 49.0
1499, 72.0
1500, 64.0
1501, 34.0
1502, 14.0
1503, 26.0
1504, 30.0
1505, 22.0
1506, 25.0
1507, 42.0
1508, 50.0
1509, 48.0
1510, 43.0
1511, 47.0
1512, 49.0
1513, 52.0
1514, 51.0
1515, 47.0
1516, 34.0
1517, 14.0
1518, 24.0
1519, 44.0
1520, 34.0
1521,  5.0
1522,  9.0
1523, 29.0
1524, 33.0
1525, 17.0
1526,  2.0
1527,  0.0
1528, 10.0
1529, 32.0
1530, 27.0
1531, 25.0
1532, 39.0
1533, 63.0
1534, 59.0
1535, 50.0
1536, 52.0
1537, 46.0
1538, 32.0
1539, 21.0
1540, 34.0
1541, 35.0
1542, 39.0
1543, 43.0
1544, 47.0
1545, 31.0
1546, 33.0
1547, 44.0
1548, 57.0
1549, 46.0
1550, 29.0
1551, 23.0
1552, 28.0
1553, 33.0
1554, 27.0
1555, 26.0
1556, 27.0
1557, 16.0
1558,  0.0
1559,  0.0
1560, 11.0
1561,  5.0
1562,  1.0
1563, 12.0
1564, 24.0
1565, 41.0
1566, 60.0
1567, 70.0
1568, 66.0
1569, 58.0
1570, 49.0
1571, 37.0
1572, 46.0
1573, 52.0
1574, 43.0
1575, 37.0
1576, 49.0
1577, 59.0
1578, 59.0
1579, 57.0
1580, 58.0
1581, 48.0
1582, 42.0
1583, 45.0
1584, 45.0
1585, 25.0
1586,  8.0
1587, 22.0
1588, 38.0
1589, 42.0
1590, 31.0
1591, 31.0
1592, 28.0
1593, 18.0
1594,  6.0
1595,  4.0
1596, 21.0
1597, 40.0
1598, 42.0
1599, 52.0
1600, 49.0
1601, 45.0
1602, 31.0
1603, 36.0
1604, 39.0
1605, 44.0
1606, 40.0
1607, 50.0
1608, 58.0
1609, 54.0
1610, 29.0
1611, 21.0
1612,  7.0
1613,  0.0
1614,  0.0
1615,  2.0
1616, 19.0
1617, 43.0
1618, 46.0
1619, 25.0
1620,  8.0
1621, 18.0
1622, 27.0
1623, 38.0
1624, 39.0
1625, 38.0
1626, 48.0
1627, 68.0
1628, 67.0
1629, 41.0
1630, 24.0
1631, 24.0
1632, 28.0
1633, 15.0
1634,  7.0
1635, 10.0
1636, 22.0
1637, 31.0
1638, 47.0
1639, 52.0
1640, 49.0
1641, 65.0
1642,118.0
1643,188.0
1644,237.0
1645,301.0
1646,427.0
1647,607.0
1648,771.0
1649,875.0
1650,922.0
1651,921.0
1652,839.0
1653,617.0
1654,349.0
1655,166.0
1656,110.0
1657, 71.0
1658, 37.0
1659, 23.0
1660, 39.0
1661, 63.0
1662, 68.0
1663, 63.0
1664, 51.0
1665, 50.0
1666, 44.0
1667, 42.0
1668, 25.0
1669, 16.0
1670, 17.0
1671, 27.0
1672, 35.0
1673, 35.0
1674, 26.0
1675, 12.0
1676, 19.0
1677, 34.0
1678, 49.0
1679, 40.0
1680, 25.0
1681, 16.0
1682, 32.0
1683, 31.0
1684, 30.0
1685, 32.0
1686, 43.0
1687, 28.0
1688, 19.0
1689, 19.0
1690, 31.0
1691, 32.0
1692, 42.0
1693, 39.0
1694, 35.0
1695, 26.0
1696, 26.0
1697, 31.0
1698, 27.0
1699, 26.0
1700, 19.0
1701, 24.0
1702, 14.0
1703, 18.0
1704, 32.0
1705, 42.0
1706, 35.0
1707, 29.0
1708, 38.0
1709, 27.0
1710, 21.0
1711, 31.0
1712, 43.0
1713, 28.0
1714, 16.0
1715, 23.0
1716, 32.0
1717, 25.0
1718, 12.0
1719, 15.0
1720, 13.0
1721,  9.0
1722, 16.0
1723, 25.0
1724, 28.0
1725, 29.0
1726, 23.0
1727, 23.0
1728, 23.0
1729, 19.0
1730, 17.0
1731, 28.0
1732, 38.0
1733, 24.0
1734, 26.0
1735, 23.0
1736, 12.0
1737,  0.0
1738,  0.0
1739,  0.0
1740, 15.0
1741, 32.0
1742, 17.0
1743,  0.0
1744, 20.0
1745, 55.0
1746, 57.0
1747, 26.0
1748,  0.0
1749,  0.0
1750,  0.0
1751,  0.0
1752, 16.0
1753, 36.0
1754, 41.0
1755, 26.0
1756, 30.0
1757, 37.0
1758, 31.0
1759, 15.0
1760, 10.0
1761, 12.0
1762, 19.0
1763, 35.0
1764, 43.0
1765, 35.0
1766, 25.0
1767, 15.0
1768, 16.0
1769,  7.0
1770,  9.0
1771, 10.0
1772, 28.0
1773, 39.0
1774, 37.0
1775, 11.0
1776,  8.0
1777, 20.0
1778, 40.0
1779, 44.0
1780, 52.0
1781, 46.0
1782, 21.0
1783,  5.0
1784,  6.0
1785, 14.0
1786, 22.0
1787, 30.0
1788, 34.0
1789, 29.0
1790, 18.0
1791,  9.0
1792, 11.0
1793, 25.0
1794, 21.0
1795,  9.0
1796, 15.0
1797, 30.0
1798, 34.0
1799, 17.0
1800,  7.0
1801,  3.0
1802, 11.0
1803, 23.0
1804, 17.0
1805, 12.0
1806, 23.0
1807, 44.0
1808, 40.0
1809, 22.0
1810, 14.0
1811, 20.0
1812, 28.0
1813, 19.0
1814, 23.0
1815, 42.0
1816, 56.0
1817, 40.0
1818, 22.0
1819, 25.0
1820, 31.0
1821, 21.0
1822, 11.0
1823,  4.0
1824,  7.0
1825, 14.0
1826, 32.0
1827, 36.0
1828, 41.0
1829, 46.0
1830, 35.0
1831, 24.0
1832, 30.0
1833, 46.0
1834, 50.0
1835, 31.0
1836,  5.0
1837,  0.0
1838,  1.0
1839, 16.0
1840, 26.0
1841, 32.0
1842, 51.0
1843, 57.0
1844, 46.0
1845, 29.0
1846, 33.0
1847, 35.0
1848, 30.0
1849, 12.0
1850,  2.0
1851,  0.0
1852, 11.0
1853, 28.0
1854, 34.0
1855, 24.0
1856, 23.0
1857, 26.0
1858, 25.0
1859, 21.0
1860, 20.0
1861, 24.0
1862, 25.0
1863, 32.0
1864, 32.0
1865, 33.0
1866, 26.0
1867, 20.0
1868, 18.0
1869, 22.0
1870, 27.0
1871, 45.0
1872, 47.0
1873, 45.0
1874, 49.0
1875, 49.0
1876, 27.0
1877, 17.0
1878, 26.0
1879, 29.0
1880, 23.0
1881, 27.0
1882, 35.0
1883, 50.0
1884, 44.0
1885, 40.0
1886, 33.0
1887, 33.0
1888, 22.0
1889, 10.0
1890, 21.0
1891, 32.0
1892, 34.0
1893, 25.0
1894, 27.0
1895, 39.0
1896, 36.0
1897, 39.0
1898, 42.0
1899, 33.0
1900, 13.0
1901, 16.0
1902, 36.0
1903, 26.0
1904,  6.0
1905,  0.0
1906, 15.0
1907, 22.0
1908, 25.0
1909, 30.0
1910, 32.0
1911, 14.0
1912,  0.0
1913,  0.0
1914, 15.0
1915, 25.0
1916, 33.0
1917, 37.0
1918, 41.0
1919, 40.0
1920, 31.0
1921, 29.0
1922, 39.0
1923, 34.0
1924,  5.0
1925,  0.0
1926, 14.0
1927, 29.0
1928, 31.0
1929, 37.0
1930, 41.0
1931, 15.0
1932,  0.0
1933,  0.0
1934,  0.0
1935, 25.0
1936, 39.0
1937, 31.0
1938, 21.0
1939, 20.0
1940, 20.0
1941, 23.0
1942, 36.0
1943, 35.0
1944, 30.0
1945, 14.0
1946, 20.0
1947, 35.0
1948, 40.0
1949, 28.0
1950, 23.0
1951, 25.0
1952, 25.0
1953, 16.0
1954, 13.0
1955, 13.0
1956, 34.0
1957, 34.0
1958, 36.0
1959, 20.0
1960,  8.0
1961,  7.0
1962, 27.0
1963, 31.0
1964, 27.0
1965, 21.0
1966, 28.0
1967, 22.0
1968, 24.0
1969, 27.0
1970, 41.0
1971, 42.0
1972, 41.0
1973, 46.0
1974, 25.0
1975,  0.0
1976,  0.0
1977, 10.0
1978, 20.0
1979, 31.0
1980, 23.0
1981, 20.0
1982, 23.0
1983, 27.0
1984, 25.0
1985, 31.0
1986, 34.0
1987, 30.0
1988, 14.0
1989,  0.0
1990,  0.0
1991,  5.0
1992, 39.0
1993, 44.0
1994, 34.0
1995,  8.0
1996,  6.0
1997, 22.0
1998, 39.0
1999, 32.0
2000, 18.0
2001, 11.0
2002, 15.0
2003, 33.0
2004, 43.0
2005, 38.0
2006, 34.0
2007, 30.0
2008, 25.0
2009, 23.0
2010, 30.0
2011, 29.0
2012, 18.0
2013, 17.0
2014, 28.0
2015, 30.0
2016, 11.0
2017,  0.0
2018, 13.0
2019, 48.0
2020, 62.0
2021, 51.0
2022, 27.0
2023, 18.0
2024, 10.0
2025,  6.0
2026,  9.0
2027, 19.0
2028, 23.0
2029, 22.0
2030, 27.0
2031, 40.0
2032, 38.0
2033, 20.0
2034, 10.0
2035, 13.0
2036, 18.0
2037, 20.0
2038, 23.0
2039, 24.0
2040, 21.0
2041, 14.0
2042,  1.0
2043,  1.0
2044,  0.0
2045,  0.0
2046,  0.0
2047,846.0
2048,846.0
