0,  0.0
1,  0.0
2,  0.0
3,  0.0
4,  0.0
5,  3.0
6, 18.0
7, 21.0
8,  0.0
9,  0.0
10,  0.0
11,  0.0
12,  0.0
13,  0.0
14,  0.0
15, 11.0
16, 33.0
17, 29.0
18, 25.0
19, 23.0
20, 11.0
21,  0.0
22,  9.0
23, 19.0
24, 34.0
25, 52.0
26, 46.0
27, 35.0
28, 23.0
29,  5.0
30,  0.0
31,  0.0
32, 19.0
33, 39.0
34, 38.0
35, 24.0
36, 24.0
37, 19.0
38,  0.0
39,  0.0
40,  0.0
41,  0.0
42,  0.0
43,  0.0
44,  3.0
45,  0.0
46,  0.0
47,  0.0
48,  0.0
49,  0.0
50,  0.0
51,  0.0
52,  9.0
53, 18.0
54, 14.0
55,  0.0
56,  0.0
57,  0.0
58, 17.0
59, 37.0
60, 37.0
61, 35.0
62, 29.0
63, 31.0
64, 30.0
65, 31.0
66, 31.0
67, 24.0
68, 11.0
69,  0.0
70,  0.0
71,  0.0
72, 21.0
73, 17.0
74, 15.0
75, 14.0
76,  7.0
77,  9.0
78, 19.0
79, 33.0
80, 21.0
81,  5.0
82,  0.0
83,  9.0
84,  5.0
85,  0.0
86,  0.0
87, 10.0
88, 11.0
89,  0.0
90,  0.0
91,  0.0
92,  0.0
93,  0.0
94,  0.0
95,  0.0
96,  0.0
97,  7.0
98, 16.0
99, 16.0
100, 12.0
101, 16.0
102, 16.0
103, 15.0
104,  0.0
105,  0.0
106,  0.0
107, 24.0
108, 45.0
109, 50.0
110, 48.0
111, 22.0
112,  0.0
113,  0.0
114, 16.0
115, 28.0
116, 34.0
117, 31.0
118, 30.0
119, 24.0
120, 16.0
121,  4.0
122,  6.0
123,  8.0
124, 15.0
125, 23.0
126, 32.0
127, 33.0
128, 13.0
129,  2.0
130, 12.0
131, 44.0
132, 32.0
133, 14.0
134,  2.0
135,  0.0
136,  0.0
137,  0.0
138,  0.0
139, 19.0
140, 45.0
141, 28.0
142,  2.0
143,  0.0
144, 15.0
145, 19.0
146, 12.0
147,  2.0
148,  7.0
149, 23.0
150, 28.0
151, 27.0
152, 29.0
153, 27.0
154, 30.0
155, 31.0
156, 33.0
157, 12.0
158,  0.0
159,  0.0
160, 22.0
161, 44.0
162, 40.0
163, 17.0
164,  0.0
165,  0.0
166,  0.0
167,  0.0
168,  0.0
169,  0.0
170, 17.0
171, 30.0
172, 44.0
173, 53.0
174, 30.0
175, 19.0
176, 17.0
177, 24.0
178, 22.0
179, 22.0
180, 34.0
181, 32.0
182, 23.0
183, 14.0
184, 26.0
185, 33.0
186, 31.0
187, 29.0
188, 26.0
189, 15.0
190, 14.0
191, 21.0
192, 29.0
193, 27.0
194, 24.0
195, 16.0
196, 12.0
197, 17.0
198, 24.0
199, 31.0
200, 46.0
201, 42.0
202, 28.0
203, 15.0
204, 26.0
205, 31.0
206, 22.0
207, 14.0
208, 16.0
209, 25.0
210, 23.0
211, 19.0
212, 19.0
213, 13.0
214, 12.0
215, 23.0
216, 50.0
217, 61.0
218, 39.0
219, 19.0
220, 17.0
221, 37.0
222, 48.0
223, 52.0
224, 24.0
225,  4.0
226,  0.0
227,  8.0
228, 11.0
229, 18.0
230, 26.0
231, 41.0
232, 38.0
233, 23.0
234, 18.0
235, 23.0
236,  3.0
237,  0.0
238,  5.0
239, 16.0
240,  7.0
241,  2.0
242,  8.0
243, 24.0
244, 33.0
245, 34.0
246, 11.0
247,  0.0
248, 12.0
249, 30.0
250, 24.0
251, 17.0
252, 16.0
253, 10.0
254, 15.0
255, 27.0
256, 25.0
257, 12.0
258, 14.0
259, 25.0
260, 28.0
261, 25.0
262,  4.0
263,  0.0
264,  0.0
265,  4.0
266,  1.0
267, 10.0
268, 24.0
269, 19.0
270,  0.0
271,  0.0
272,  0.0
273, 13.0
274, 20.0
275, 27.0
276, 17.0
277,  2.0
278, 16.0
279, 29.0
280, 18.0
281, 10.0
282, 35.0
283, 43.0
284, 23.0
285,  4.0
286,  0.0
287,  0.0
288, 29.0
289, 62.0
290, 85.0
291, 95.0
292, 98.0
293, 75.0
294, 54.0
295, 49.0
296, 60.0
297, 59.0
298, 42.0
299, 20.0
300, 13.0
301,  7.0
302, 13.0
303, 11.0
304,  0.0
305,  0.0
306,  0.0
307,  0.0
308,  0.0
309, 10.0
310, 46.0
311, 61.0
312, 42.0
313, 12.0
314,  0.0
315,  0.0
316,  6.0
317, 22.0
318, 33.0
319, 46.0
320, 42.0
321, 26.0
322,  3.0
323,  8.0
324, 23.0
325, 33.0
326, 29.0
327, 21.0
328,  9.0
329, 16.0
330, 22.0
331, 29.0
332, 25.0
333, 16.0
334,  2.0
335,  0.0
336,  0.0
337,  0.0
338, 10.0
339, 39.0
340, 43.0
341, 34.0
342, 14.0
343,  6.0
344,  0.0
345,  0.0
346,  0.0
347,  8.0
348,  8.0
349,  0.0
350,  4.0
351,  6.0
352,  0.0
353,  1.0
354, 31.0
355, 45.0
356, 28.0
357, 12.0
358,  0.0
359,  0.0
360,  0.0
361,  0.0
362, 10.0
363, 26.0
364, 30.0
365, 28.0
366, 21.0
367, 26.0
368, 22.0
369, 21.0
370, 22.0
371, 27.0
372, 15.0
373, 15.0
374,  4.0
375,  0.0
376,  0.0
377,  0.0
378,  0.0
379,  1.0
380, 21.0
381, 23.0
382, 11.0
383,  0.0
384,  0.0
385,  0.0
386,  0.0
387,  1.0
388,  0.0
389,  0.0
390,  0.0
391, 12.0
392, 37.0
393, 41.0
394, 17.0
395,  0.0
396,  0.0
397,  0.0
398,  0.0
399,  1.0
400,  4.0
401, 23.0
402, 43.0
403, 57.0
404, 46.0
405, 26.0
406,  4.0
407,  0.0
408,  0.0
409,  2.0
410,  3.0
411,  0.0
412,  0.0
413,  6.0
414, 10.0
415, 17.0
416, 12.0
417,  4.0
418,  0.0
419,  0.0
420, 10.0
421, 15.0
422,  9.0
423,  6.0
424,  8.0
425,  6.0
426,  7.0
427,  4.0
428, 20.0
429, 50.0
430, 81.0
431,103.0
432,154.0
433,245.0
434,390.0
435,585.0
436,877.0
437,1336.0
438,1880.0
439,2340.0
440,2580.0
441,2640.0
442,2572.0
443,2422.0
444,2151.0
445,1687.0
446,1075.0
447,511.0
448,167.0
449, 46.0
450, 29.0
451, 22.0
452, 21.0
453, 26.0
454, 12.0
455,  2.0
456, 11.0
457, 15.0
458,  2.0
459,  7.0
460, 23.0
461, 29.0
462, 18.0
463,  0.0
464,  0.0
465, 21.0
466, 34.0
467,  3.0
468,  1.0
469, 20.0
470, 20.0
471,  1.0
472, 20.0
473, 35.0
474, 30.0
475, 10.0
476,  2.0
477,  7.0
478, 11.0
479,  0.0
480,  0.0
481,  0.0
482, 12.0
483, 44.0
484, 40.0
485, 12.0
486,  0.0
487,  0.0
488,  0.0
489,  0.0
490,  0.0
491, 20.0
492, 16.0
493,  0.0
494,  0.0
495,  0.0
496,  7.0
497,  0.0
498,  0.0
499,  0.0
500,  0.0
501,  0.0
502,  0.0
503,  2.0
504, 13.0
505, 13.0
506, 27.0
507, 47.0
508, 47.0
509, 22.0
510, 10.0
511, 28.0
512, 34.0
513, 23.0
514,  2.0
515,  0.0
516,  0.0
517,  0.0
518, 11.0
519, 26.0
520, 31.0
521, 35.0
522, 27.0
523, 22.0
524, 21.0
525,  7.0
526,  0.0
527,  2.0
528, 19.0
529,  8.0
530,  0.0
531,  0.0
532,  0.0
533,  5.0
534, 13.0
535, 14.0
536, 17.0
537, 25.0
538, 10.0
539,  0.0
540,  0.0
541,  4.0
542,  3.0
543,  5.0
544, 19.0
545, 20.0
546, 15.0
547, 17.0
548, 11.0
549,  2.0
550,  0.0
551,  5.0
552, 20.0
553, 25.0
554,  3.0
555,  0.0
556,  0.0
557,  0.0
558, 11.0
559, 39.0
560, 26.0
561,  0.0
562,  0.0
563,  5.0
564,  0.0
565,  0.0
566,  0.0
567,  0.0
568,  0.0
569,  0.0
570,  0.0
571, 19.0
572, 41.0
573, 32.0
574,  9.0
575,  0.0
576,  1.0
577,  2.0
578, 12.0
579, 23.0
580, 43.0
581, 41.0
582, 26.0
583, 22.0
584, 26.0
585, 23.0
586,  4.0
587,  5.0
588, 19.0
589, 31.0
590, 15.0
591,  0.0
592,  7.0
593, 24.0
594, 17.0
595,  3.0
596,  2.0
597,  0.0
598,  0.0
599,  0.0
600,  1.0
601, 15.0
602, 26.0
603, 48.0
604, 58.0
605, 38.0
606, 14.0
607, 15.0
608, 26.0
609, 14.0
610,  0.0
611,  0.0
612,  0.0
613, 12.0
614, 20.0
615, 28.0
616, 22.0
617, 16.0
618, 28.0
619, 36.0
620, 19.0
621,  0.0
622,  0.0
623,  6.0
624, 31.0
625, 27.0
626, 33.0
627, 36.0
628, 28.0
629,  3.0
630,  0.0
631,  6.0
632, 13.0
633,  7.0
634,  0.0
635,  0.0
636, 20.0
637, 36.0
638, 44.0
639, 31.0
640, 19.0
641,  0.0
642,  0.0
643,  0.0
644,  0.0
645,  6.0
646, 19.0
647, 24.0
648, 23.0
649, 21.0
650, 15.0
651,  5.0
652,  0.0
653,  0.0
654,  0.0
655,  0.0
656,  3.0
657,  7.0
658, 18.0
659, 45.0
660, 65.0
661, 57.0
662, 24.0
663,  4.0
664, 13.0
665, 41.0
666, 31.0
667, 26.0
668, 42.0
669, 43.0
670, 15.0
671,  0.0
672,  0.0
673, 13.0
674, 17.0
675,  8.0
676,  0.0
677,  0.0
678,  3.0
679, 23.0
680, 28.0
681, 23.0
682, 26.0
683, 30.0
684, 32.0
685, 26.0
686, 28.0
687, 15.0
688, 19.0
689, 31.0
690, 34.0
691, 31.0
692, 10.0
693,  1.0
694,  0.0
695,  0.0
696,  0.0
697, 21.0
698, 24.0
699, 31.0
700, 46.0
701, 41.0
702, 14.0
703,  0.0
704,  8.0
705,  7.0
706,  2.0
707,  0.0
708,  0.0
709,  0.0
710,  0.0
711, 16.0
712, 15.0
713,  0.0
714,  0.0
715,  0.0
716,  0.0
717,  9.0
718, 18.0
719, 19.0
720, 13.0
721,  5.0
722, 12.0
723, 25.0
724, 18.0
725,  7.0
726,  8.0
727, 18.0
728, 11.0
729,  4.0
730,  0.0
731,  0.0
732, 13.0
733, 30.0
734, 28.0
735, 12.0
736,  9.0
737, 24.0
738, 31.0
739, 29.0
740, 13.0
741, 11.0
742,  9.0
743, 18.0
744, 24.0
745, 40.0
746, 45.0
747, 40.0
748, 21.0
749, 18.0
750, 16.0
751,  9.0
752,  0.0
753,  9.0
754, 22.0
755, 16.0
756, 11.0
757, 14.0
758, 13.0
759,  8.0
760, 20.0
761, 25.0
762,  7.0
763,  0.0
764,  1.0
765, 15.0
766, 18.0
767, 19.0
768, 25.0
769, 31.0
770, 21.0
771,  7.0
772,  9.0
773, 19.0
774, 23.0
775, 16.0
776,  6.0
777,  0.0
778,  0.0
779,  0.0
780, 19.0
781, 31.0
782, 27.0
783,  7.0
784,  5.0
785, 13.0
786, 23.0
787, 18.0
788,  9.0
789,  0.0
790,  0.0
791,  2.0
792,  8.0
793, 11.0
794,  6.0
795, 13.0
796, 16.0
797, 11.0
798,  3.0
799,  0.0
800,  0.0
801,  0.0
802,  0.0
803,  0.0
804,  2.0
805, 19.0
806, 27.0
807, 16.0
808,  5.0
809,  0.0
810,  0.0
811,  0.0
812, 18.0
813, 28.0
814, 35.0
815, 23.0
816,  5.0
817,  0.0
818,  3.0
819, 14.0
820, 22.0
821, 22.0
822,  9.0
823,  4.0
824,  0.0
825, 12.0
826,  3.0
827,  0.0
828,  0.0
829, 15.0
830, 15.0
831,  1.0
832,  0.0
833, 13.0
834, 34.0
835, 41.0
836, 39.0
837, 38.0
838, 36.0
839, 19.0
840,  4.0
841, 13.0
842, 36.0
843, 28.0
844,  0.0
845,  2.0
846, 17.0
847,  4.0
848,  0.0
849,  0.0
850, 14.0
851, 38.0
852, 34.0
853, 18.0
854, 14.0
855, 10.0
856,  2.0
857,  0.0
858,  3.0
859, 19.0
860, 24.0
861, 23.0
862,  9.0
863,  0.0
864,  0.0
865,  7.0
866, 14.0
867, 16.0
868, 25.0
869, 25.0
870, 17.0
871, 12.0
872, 10.0
873, 14.0
874, 15.0
875, 13.0
876, 13.0
877, 30.0
878, 47.0
879, 43.0
880, 19.0
881,  9.0
882, 19.0
883, 13.0
884,  0.0
885,  0.0
886,  0.0
887,  0.0
888, 10.0
889, 41.0
890, 29.0
891, 15.0
892, 18.0
893, 16.0
894,  4.0
895,  2.0
896, 23.0
897, 28.0
898, 31.0
899, 21.0
900, 17.0
901,  2.0
902,  8.0
903, 14.0
904, 21.0
905, 15.0
906, 29.0
907, 33.0
908, 28.0
909, 21.0
910, 17.0
911,  4.0
912,  0.0
913, 10.0
914, 12.0
915, 11.0
916, 15.0
917, 14.0
918,  2.0
919,  3.0
920, 11.0
921,  5.0
922, 15.0
923, 31.0
924, 27.0
925,  0.0
926,  0.0
927,  7.0
928, 11.0
929, 15.0
930, 23.0
931, 20.0
932,  4.0
933,  0.0
934,  0.0
935,  0.0
936, 15.0
937, 35.0
938, 27.0
939,  0.0
940,  0.0
941,  0.0
942,  0.0
943,  0.0
944,  4.0
945, 19.0
946, 27.0
947, 12.0
948,  0.0
949,  0.0
950,  7.0
951, 16.0
952, 10.0
953,  0.0
954,  0.0
955,  1.0
956, 14.0
957,  4.0
958,  0.0
959,  0.0
960,  5.0
961, 28.0
962, 36.0
963, 13.0
964,  0.0
965,  0.0
966, 10.0
967, 14.0
968, 14.0
969, 19.0
970, 22.0
971, 23.0
972, 23.0
973, 16.0
974,  1.0
975,  0.0
976,  8.0
977,  7.0
978,  1.0
979,  0.0
980,  0.0
981,  0.0
982,  3.0
983, 20.0
984, 27.0
985, 28.0
986, 29.0
987, 37.0
988, 40.0
989, 22.0
990, 11.0
991,  9.0
992, 12.0
993,  9.0
994,  8.0
995,  0.0
996,  0.0
997,  0.0
998,  0.0
999, 18.0
1000, 35.0
1001, 37.0
1002, 22.0
1003, 10.0
1004,  1.0
1005,  5.0
1006,  4.0
1007,  3.0
1008,  0.0
1009,  0.0
1010,  0.0
1011,  3.0
1012,  5.0
1013, 10.0
1014, 17.0
1015,  7.0
1016,  7.0
1017, 17.0
1018, 17.0
1019, 22.0
1020, 33.0
1021, 14.0
1022,  0.0
1023,  0.0
1024, 14.0
1025, 16.0
1026,  9.0
1027, 21.0
1028, 15.0
1029, 12.0
1030, 33.0
1031, 57.0
1032, 53.0
1033, 27.0
1034, 10.0
1035,  6.0
1036,  8.0
1037,  6.0
1038,  7.0
1039, 13.0
1040, 19.0
1041, 16.0
1042,  5.0
1043,  6.0
1044, 16.0
1045, 15.0
1046,  9.0
1047, 17.0
1048, 24.0
1049, 16.0
1050, 21.0
1051, 24.0
1052, 21.0
1053, 20.0
1054, 15.0
1055,  2.0
1056,  0.0
1057,  0.0
1058,  0.0
1059, 10.0
1060, 22.0
1061,  7.0
1062,  0.0
1063,  0.0
1064, 11.0
1065, 26.0
1066, 20.0
1067,  8.0
1068, 25.0
1069, 35.0
1070, 21.0
1071,  0.0
1072,  0.0
1073,  0.0
1074,  0.0
1075,  0.0
1076,  2.0
1077,  1.0
1078,  0.0
1079, 13.0
1080, 26.0
1081, 32.0
1082, 30.0
1083, 24.0
1084, 17.0
1085,  9.0
1086,  0.0
1087,  0.0
1088,  0.0
1089,  9.0
1090,  8.0
1091, 16.0
1092, 32.0
1093, 35.0
1094,  4.0
1095,  0.0
1096,  0.0
1097,  2.0
1098, 10.0
1099,  8.0
1100,  5.0
1101,  0.0
1102,  0.0
1103, 13.0
1104, 19.0
1105, 18.0
1106, 12.0
1107, 13.0
1108, 21.0
1109, 36.0
1110, 28.0
1111,  0.0
1112,  0.0
1113,  0.0
1114,  0.0
1115,  0.0
1116,  4.0
1117, 14.0
1118,  6.0
1119,  0.0
1120,  1.0
1121, 12.0
1122, 12.0
1123, 10.0
1124,  0.0
1125,  0.0
1126,  0.0
1127, 17.0
1128, 14.0
1129,  0.0
1130,  8.0
1131, 35.0
1132, 43.0
1133, 17.0
1134,  3.0
1135, 14.0
1136, 24.0
1137, 21.0
1138, 32.0
1139, 32.0
1140, 31.0
1141, 23.0
1142, 32.0
1143, 26.0
1144, 11.0
1145,  0.0
1146,  0.0
1147,  9.0
1148, 16.0
1149, 10.0
1150,  2.0
1151, 10.0
1152, 23.0
1153, 22.0
1154, 18.0
1155, 27.0
1156, 14.0
1157,  0.0
1158,  1.0
1159, 15.0
1160, 18.0
1161, 13.0
1162,  9.0
1163,  0.0
1164,  0.0
1165,  2.0
1166,  0.0
1167,  0.0
1168,  0.0
1169, 10.0
1170, 12.0
1171, 21.0
1172, 39.0
1173, 39.0
1174, 36.0
1175, 12.0
1176,  0.0
1177,  0.0
1178, 13.0
1179, 12.0
1180, 18.0
1181, 21.0
1182,  9.0
1183,  3.0
1184, 17.0
1185, 28.0
1186, 27.0
1187, 22.0
1188, 26.0
1189, 21.0
1190, 14.0
1191, 20.0
1192, 25.0
1193, 22.0
1194, 31.0
1195, 39.0
1196, 32.0
1197, 13.0
1198, 10.0
1199, 20.0
1200, 42.0
1201, 42.0
1202, 27.0
1203, 11.0
1204,  4.0
1205,  9.0
1206, 20.0
1207, 39.0
1208, 49.0
1209, 56.0
1210, 45.0
1211, 34.0
1212, 16.0
1213, 10.0
1214,  4.0
1215,  3.0
1216,  3.0
1217, 14.0
1218, 21.0
1219,  9.0
1220,  0.0
1221,  0.0
1222,  0.0
1223,  5.0
1224,  9.0
1225, 18.0
1226, 19.0
1227, 25.0
1228, 28.0
1229, 27.0
1230,  7.0
1231,  0.0
1232,  0.0
1233, 24.0
1234, 42.0
1235, 29.0
1236, 12.0
1237, 21.0
1238, 30.0
1239, 29.0
1240, 33.0
1241, 32.0
1242, 15.0
1243,  2.0
1244, 10.0
1245, 17.0
1246, 15.0
1247, 17.0
1248, 13.0
1249,  0.0
1250,  0.0
1251,  6.0
1252,  1.0
1253,  0.0
1254,  0.0
1255,  0.0
1256,  0.0
1257,  0.0
1258,  0.0
1259,  0.0
1260,  0.0
1261,  0.0
1262,  1.0
1263, 11.0
1264, 26.0
1265, 40.0
1266, 62.0
1267, 82.0
1268,123.0
1269,229.0
1270,387.0
1271,514.0
1272,561.0
1273,578.0
1274,595.0
1275,585.0
1276,529.0
1277,411.0
1278,264.0
1279,123.0
1280, 38.0
1281, 12.0
1282, 34.0
1283, 43.0
1284, 33.0
1285, 18.0
1286, 23.0
1287, 32.0
1288, 44.0
1289, 38.0
1290, 26.0
1291, 19.0
1292, 11.0
1293,  0.0
1294,  5.0
1295, 24.0
1296, 31.0
1297, 18.0
1298, 19.0
1299, 24.0
1300, 17.0
1301,  0.0
1302,  0.0
1303,  0.0
1304,  0.0
1305,  0.0
1306,  6.0
1307, 27.0
1308, 27.0
1309, 28.0
1310, 17.0
1311,  9.0
1312,  0.0
1313,  3.0
1314,  2.0
1315,  5.0
1316, 25.0
1317, 49.0
1318, 38.0
1319,  0.0
1320,  0.0
1321,  0.0
1322,  0.0
1323,  0.0
1324,  6.0
1325, 24.0
1326, 29.0
1327, 17.0
1328, 11.0
1329, 16.0
1330, 19.0
1331,  6.0
1332,  1.0
1333,  7.0
1334, 10.0
1335,  5.0
1336, 12.0
1337,  7.0
1338,  0.0
1339,  0.0
1340,  2.0
1341, 16.0
1342, 21.0
1343, 20.0
1344,  5.0
1345,  2.0
1346, 11.0
1347,  6.0
1348,  9.0
1349, 13.0
1350, 10.0
1351,  1.0
1352, 15.0
1353, 28.0
1354, 29.0
1355, 16.0
1356,  9.0
1357, 21.0
1358, 40.0
1359, 32.0
1360,  5.0
1361,  0.0
1362,  0.0
1363,  3.0
1364, 16.0
1365,  9.0
1366,  0.0
1367,  0.0
1368, 13.0
1369, 21.0
1370, 16.0
1371,  6.0
1372,  0.0
1373,  0.0
1374,  2.0
1375,  0.0
1376,  0.0
1377,  0.0
1378,  0.0
1379, 15.0
1380, 32.0
1381, 35.0
1382, 13.0
1383,  0.0
1384,  0.0
1385,  0.0
1386,  0.0
1387,  0.0
1388,  0.0
1389,  0.0
1390,  4.0
1391,  5.0
1392,  4.0
1393,  1.0
1394,  0.0
1395,  0.0
1396,  0.0
1397,  0.0
1398,  0.0
1399,  0.0
1400, 13.0
1401, 24.0
1402, 29.0
1403, 23.0
1404,  5.0
1405,  0.0
1406,  0.0
1407,  8.0
1408,  2.0
1409,  0.0
1410,  0.0
1411,  8.0
1412,  6.0
1413,  9.0
1414, 20.0
1415, 26.0
1416, 24.0
1417, 19.0
1418, 12.0
1419, 14.0
1420, 19.0
1421, 13.0
1422,  5.0
1423,  0.0
1424,  0.0
1425,  0.0
1426,  0.0
1427,  7.0
1428, 12.0
1429, 27.0
1430, 34.0
1431, 23.0
1432,  8.0
1433, 11.0
1434, 11.0
1435,  5.0
1436,  2.0
1437,  0.0
1438,  0.0
1439,  0.0
1440,  0.0
1441,  0.0
1442,  0.0
1443,  9.0
1444,  5.0
1445,  0.0
1446,  0.0
1447,  9.0
1448, 15.0
1449,  6.0
1450,  6.0
1451,  9.0
1452,  5.0
1453,  9.0
1454, 27.0
1455, 32.0
1456, 13.0
1457,  4.0
1458,  0.0
1459,  0.0
1460,  0.0
1461,  0.0
1462,  0.0
1463,  0.0
1464,  0.0
1465, 23.0
1466, 26.0
1467, 24.0
1468, 30.0
1469, 37.0
1470, 32.0
1471, 41.0
1472, 63.0
1473,108.0
1474,151.0
1475,183.0
1476,191.0
1477,203.0
1478,209.0
1479,191.0
1480,127.0
1481, 71.0
1482, 43.0
1483, 24.0
1484, 11.0
1485,  3.0
1486,  4.0
1487,  0.0
1488,  0.0
1489,  8.0
1490, 26.0
1491, 24.0
1492,  0.0
1493,  0.0
1494,  0.0
1495,  8.0
1496,  8.0
1497,  6.0
1498,  8.0
1499, 27.0
1500, 21.0
1501, 11.0
1502, 14.0
1503, 27.0
1504, 19.0
1505, 16.0
1506, 20.0
1507, 31.0
1508, 29.0
1509, 20.0
1510,  8.0
1511,  5.0
1512,  1.0
1513,  5.0
1514, 13.0
1515, 17.0
1516, 23.0
1517, 15.0
1518,  5.0
1519,  0.0
1520,  0.0
1521,  0.0
1522,  0.0
1523,  0.0
1524,  8.0
1525,  0.0
1526,  0.0
1527,  0.0
1528,  8.0
1529, 12.0
1530, 19.0
1531, 20.0
1532, 11.0
1533, 17.0
1534, 33.0
1535, 37.0
1536, 24.0
1537,  7.0
1538,  0.0
1539,  0.0
1540,  9.0
1541, 12.0
1542, 16.0
1543, 16.0
1544, 20.0
1545, 10.0
1546, 14.0
1547, 14.0
1548, 22.0
1549,  9.0
1550,  0.0
1551,  0.0
1552, 14.0
1553, 22.0
1554, 10.0
1555,  7.0
1556,  0.0
1557,  0.0
1558,  0.0
1559, 10.0
1560,  1.0
1561,  0.0
1562,  9.0
1563, 25.0
1564, 21.0
1565, 13.0
1566, 21.0
1567, 29.0
1568, 42.0
1569, 40.0
1570, 26.0
1571,  7.0
1572,  5.0
1573,  9.0
1574, 12.0
1575, 21.0
1576, 27.0
1577, 30.0
1578, 19.0
1579, 14.0
1580,  9.0
1581,  9.0
1582, 19.0
1583, 35.0
1584, 28.0
1585, 11.0
1586, 16.0
1587, 29.0
1588, 27.0
1589, 24.0
1590, 19.0
1591, 28.0
1592, 33.0
1593, 28.0
1594,  7.0
1595,  4.0
1596, 13.0
1597, 15.0
1598,  6.0
1599,  1.0
1600,  0.0
1601,  8.0
1602, 15.0
1603, 26.0
1604, 18.0
1605, 17.0
1606, 23.0
1607, 56.0
1608, 79.0
1609, 69.0
1610, 27.0
1611,  0.0
1612,  0.0
1613,  0.0
1614,  3.0
1615,  6.0
1616,  3.0
1617, 11.0
1618, 30.0
1619, 27.0
1620, 13.0
1621, 15.0
1622, 21.0
1623, 30.0
1624, 29.0
1625, 35.0
1626, 27.0
1627, 21.0
1628, 24.0
1629, 26.0
1630, 25.0
1631, 22.0
1632, 15.0
1633,  5.0
1634,  5.0
1635,  6.0
1636,  0.0
1637,  0.0
1638,  7.0
1639, 18.0
1640, 12.0
1641,  6.0
1642,  1.0
1643,  4.0
1644,  5.0
1645,  5.0
1646, 17.0
1647, 40.0
1648, 41.0
1649, 16.0
1650,  0.0
1651,  0.0
1652,  4.0
1653,  6.0
1654,  8.0
1655, 10.0
1656, 21.0
1657,  3.0
1658,  0.0
1659,  0.0
1660,  5.0
1661, 21.0
1662, 29.0
1663, 35.0
1664, 28.0
1665, 17.0
1666, 14.0
1667, 23.0
1668, 26.0
1669, 13.0
1670,  0.0
1671,  6.0
1672, 21.0
1673, 18.0
1674,  8.0
1675, 12.0
1676, 18.0
1677, 18.0
1678, 18.0
1679, 17.0
1680,  9.0
1681,  3.0
1682, 19.0
1683, 32.0
1684, 42.0
1685, 33.0
1686, 34.0
1687, 26.0
1688, 17.0
1689,  9.0
1690, 18.0
1691, 26.0
1692, 25.0
1693, 23.0
1694, 38.0
1695, 50.0
1696, 56.0
1697, 50.0
1698, 48.0
1699, 43.0
1700, 45.0
1701, 56.0
1702, 56.0
1703, 47.0
1704, 54.0
1705, 55.0
1706, 26.0
1707,  0.0
1708,  6.0
1709, 10.0
1710,  1.0
1711,  3.0
1712, 24.0
1713, 15.0
1714,  1.0
1715,  5.0
1716, 10.0
1717,  0.0
1718,  0.0
1719,  9.0
1720, 24.0
1721, 29.0
1722, 22.0
1723,  8.0
1724,  0.0
1725,  0.0
1726, 21.0
1727, 38.0
1728, 28.0
1729, 19.0
1730, 19.0
1731, 31.0
1732, 33.0
1733, 27.0
1734, 37.0
1735, 42.0
1736, 33.0
1737, 12.0
1738,  5.0
1739,  6.0
1740, 20.0
1741, 29.0
1742, 30.0
1743, 16.0
1744, 14.0
1745, 17.0
1746, 21.0
1747, 11.0
1748,  8.0
1749,  8.0
1750,  9.0
1751, 10.0
1752, 29.0
1753, 43.0
1754, 39.0
1755, 19.0
1756, 32.0
1757, 42.0
1758, 30.0
1759,  7.0
1760,  5.0
1761, 11.0
1762, 15.0
1763, 33.0
1764, 51.0
1765, 49.0
1766, 27.0
1767,  5.0
1768,  9.0
1769, 12.0
1770, 28.0
1771, 18.0
1772, 19.0
1773, 28.0
1774, 40.0
1775, 12.0
1776,  0.0
1777,  3.0
1778, 28.0
1779, 39.0
1780, 33.0
1781, 20.0
1782,  3.0
1783,  6.0
1784, 16.0
1785, 21.0
1786,  6.0
1787, 10.0
1788, 25.0
1789, 34.0
1790, 29.0
1791, 19.0
1792, 13.0
1793, 12.0
1794, 14.0
1795,  8.0
1796, 15.0
1797, 31.0
1798, 36.0
1799, 17.0
1800,  0.0
1801,  0.0
1802,  0.0
1803,  0.0
1804,  0.0
1805,  0.0
1806, 10.0
1807, 30.0
1808, 24.0
1809, 12.0
1810, 14.0
1811, 22.0
1812, 11.0
1813,  8.0
1814, 22.0
1815, 43.0
1816, 32.0
1817, 12.0
1818,  0.0
1819, 10.0
1820, 23.0
1821, 15.0
1822,  2.0
1823, 10.0
1824, 28.0
1825, 30.0
1826, 27.0
1827, 21.0
1828, 16.0
1829, 18.0
1830, 27.0
1831, 28.0
1832, 14.0
1833, 13.0
1834, 24.0
1835, 32.0
1836, 13.0
1837,  0.0
1838,  0.0
1839, 22.0
1840, 20.0
1841,  0.0
1842,  5.0
1843, 26.0
1844, 36.0
1845, 31.0
1846, 29.0
1847, 27.0
1848, 23.0
1849, 18.0
1850,  7.0
1851,  9.0
1852, 19.0
1853, 24.0
1854, 13.0
1855,  9.0
1856, 30.0
1857, 37.0
1858, 34.0
1859, 34.0
1860, 36.0
1861, 25.0
1862, 14.0
1863, 18.0
1864, 15.0
1865, 10.0
1866,  3.0
1867, 12.0
1868, 21.0
1869, 26.0
1870, 30.0
1871, 40.0
1872, 32.0
1873, 31.0
1874, 32.0
1875, 31.0
1876,  8.0
1877,  0.0
1878,  2.0
1879, 14.0
1880,  5.0
1881,  4.0
1882,  7.0
1883, 16.0
1884,  6.0
1885,  0.0
1886,  0.0
1887,  0.0
1888,  0.0
1889,  7.0
1890, 24.0
1891, 28.0
1892, 16.0
1893,  0.0
1894, 10.0
1895, 26.0
1896, 18.0
1897, 14.0
1898, 12.0
1899,  7.0
1900,  0.0
1901, 17.0
1902, 22.0
1903,  0.0
1904,  0.0
1905,  0.0
1906,  9.0
1907,  2.0
1908,  0.0
1909,  4.0
1910, 11.0
1911,  5.0
1912,  0.0
1913,  0.0
1914,  0.0
1915, 14.0
1916, 20.0
1917,  9.0
1918, 15.0
1919, 32.0
1920, 30.0
1921, 18.0
1922, 16.0
1923, 22.0
1924, 15.0
1925, 15.0
1926, 26.0
1927, 21.0
1928,  7.0
1929,  0.0
1930,  1.0
1931,  0.0
1932,  0.0
1933,  0.0
1934,  0.0
1935, 16.0
1936, 26.0
1937, 33.0
1938, 17.0
1939,  5.0
1940,  0.0
1941,  0.0
1942,  8.0
1943, 10.0
1944, 13.0
1945,  7.0
1946,  8.0
1947,  6.0
1948,  9.0
1949,  6.0
1950,  9.0
1951,  4.0
1952,  4.0
1953,  9.0
1954,  9.0
1955,  1.0
1956, 14.0
1957, 27.0
1958, 25.0
1959,  2.0
1960,  0.0
1961,  3.0
1962, 13.0
1963,  9.0
1964,  0.0
1965,  0.0
1966,  0.0
1967,  0.0
1968,  9.0
1969, 23.0
1970, 33.0
1971, 25.0
1972, 15.0
1973, 10.0
1974,  2.0
1975,  0.0
1976,  0.0
1977,  5.0
1978, 16.0
1979, 28.0
1980, 20.0
1981,  1.0
1982,  0.0
1983, 14.0
1984, 25.0
1985, 34.0
1986, 26.0
1987, 12.0
1988,  0.0
1989,  0.0
1990,  0.0
1991, 21.0
1992, 40.0
1993, 36.0
1994, 24.0
1995,  8.0
1996,  0.0
1997,  2.0
1998, 16.0
1999,  8.0
2000,  0.0
2001,  0.0
2002, 13.0
2003, 35.0
2004, 35.0
2005, 14.0
2006,  0.0
2007,  0.0
2008,  7.0
2009, 13.0
2010, 11.0
2011,  6.0
2012,  9.0
2013, 14.0
2014, 22.0
2015, 17.0
2016,  0.0
2017,  0.0
2018, 10.0
2019, 28.0
2020, 33.0
2021, 21.0
2022,  6.0
2023,  0.0
2024,  1.0
2025,  4.0
2026,  9.0
2027,  2.0
2028,  0.0
2029,  0.0
2030,  7.0
2031, 19.0
2032, 16.0
2033, 19.0
2034, 11.0
2035,  2.0
2036,  0.0
2037,  4.0
2038, 25.0
2039, 27.0
2040, 17.0
2041,  7.0
2042,  0.0
2043,  4.0
2044,  0.0
2045,  1.0
2046,  3.0
2047,857.0
2048,857.0
