0,  0.0
1,  0.0
2,  0.0
3,  6.0
4,  4.0
5,  7.0
6, 28.0
7, 38.0
8, 15.0
9,  0.0
10,  9.0
11,  0.0
12,  0.0
13,  0.0
14,  0.0
15,  4.0
16, 22.0
17, 18.0
18, 23.0
19, 21.0
20, 35.0
21, 40.0
22, 47.0
23, 43.0
24, 53.0
25, 59.0
26, 35.0
27,  6.0
28,  0.0
29, 18.0
30, 24.0
31, 10.0
32,  3.0
33, 17.0
34, 27.0
35, 25.0
36, 36.0
37, 36.0
38, 16.0
39,  7.0
40, 10.0
41, 14.0
42,  2.0
43, 12.0
44, 18.0
45, 20.0
46,  5.0
47,  6.0
48,  5.0
49,  0.0
50,  2.0
51, 30.0
52, 38.0
53, 14.0
54,  0.0
55,  0.0
56,  0.0
57,  0.0
58,  0.0
59,  5.0
60, 12.0
61, 19.0
62, 16.0
63, 13.0
64, 10.0
65, 25.0
66, 26.0
67, 27.0
68,  9.0
69,  0.0
70,  0.0
71,  0.0
72, 12.0
73, 16.0
74, 24.0
75, 24.0
76, 22.0
77, 20.0
78, 26.0
79, 40.0
80, 33.0
81, 12.0
82,  0.0
83,  0.0
84,  5.0
85, 14.0
86, 10.0
87,  2.0
88,  0.0
89,  0.0
90,  7.0
91,  4.0
92,  0.0
93,  0.0
94,  2.0
95, 17.0
96, 15.0
97, 20.0
98, 31.0
99, 31.0
100, 27.0
101, 24.0
102, 17.0
103,  7.0
104,  0.0
105,  0.0
106, 17.0
107, 34.0
108, 33.0
109, 40.0
110, 54.0
111, 44.0
112, 16.0
113, 11.0
114, 26.0
115, 33.0
116, 29.0
117, 24.0
118, 34.0
119, 30.0
120, 16.0
121,  0.0
122,  8.0
123, 14.0
124, 16.0
125,  5.0
126, 16.0
127, 41.0
128, 44.0
129, 27.0
130,  2.0
131,  1.0
132,  0.0
133,  0.0
134,  0.0
135,  0.0
136,  0.0
137, 18.0
138, 42.0
139, 47.0
140, 31.0
141, 14.0
142, 15.0
143, 26.0
144, 20.0
145, 15.0
146, 14.0
147, 10.0
148, 16.0
149, 29.0
150, 29.0
151, 19.0
152, 22.0
153, 26.0
154, 34.0
155, 37.0
156, 34.0
157, 10.0
158,  0.0
159,  0.0
160,  0.0
161,  0.0
162,  6.0
163,  2.0
164,  6.0
165,  6.0
166,  0.0
167,  0.0
168,  0.0
169,  3.0
170,  5.0
171, 26.0
172, 46.0
173, 39.0
174, 13.0
175, 17.0
176, 35.0
177, 50.0
178, 44.0
179, 33.0
180, 19.0
181, 10.0
182,  8.0
183, 18.0
184, 29.0
185, 30.0
186, 31.0
187, 30.0
188, 31.0
189, 25.0
190, 29.0
191, 26.0
192, 29.0
193, 21.0
194,  0.0
195,  0.0
196,  0.0
197, 17.0
198, 43.0
199, 55.0
200, 57.0
201, 41.0
202, 28.0
203, 21.0
204, 14.0
205,  0.0
206,  0.0
207, 13.0
208, 19.0
209, 16.0
210,  8.0
211,  0.0
212,  0.0
213,  0.0
214,  0.0
215,  0.0
216, 12.0
217, 39.0
218, 44.0
219, 40.0
220, 24.0
221, 18.0
222, 21.0
223, 31.0
224, 23.0
225, 24.0
226, 12.0
227,  3.0
228, 11.0
229, 16.0
230,  7.0
231,  9.0
232, 33.0
233, 38.0
234, 29.0
235, 23.0
236, 22.0
237, 21.0
238, 28.0
239, 37.0
240, 27.0
241, 13.0
242,  0.0
243,  0.0
244, 12.0
245, 33.0
246, 22.0
247, 17.0
248, 19.0
249, 26.0
250, 23.0
251, 12.0
252,  8.0
253,  6.0
254, 13.0
255, 11.0
256,  7.0
257,  9.0
258, 16.0
259, 16.0
260, 16.0
261, 20.0
262,  7.0
263,  0.0
264, 15.0
265, 24.0
266,  8.0
267, 10.0
268, 35.0
269, 33.0
270,  0.0
271,  0.0
272,  0.0
273, 19.0
274, 24.0
275, 24.0
276, 18.0
277, 16.0
278, 21.0
279, 11.0
280,  5.0
281, 15.0
282, 40.0
283, 44.0
284, 28.0
285, 20.0
286,  3.0
287,  0.0
288,  0.0
289,  0.0
290,  9.0
291,  1.0
292,  0.0
293,  0.0
294,  0.0
295,  5.0
296, 19.0
297, 13.0
298, 17.0
299, 21.0
300, 23.0
301, 12.0
302,  9.0
303, 10.0
304, 18.0
305, 36.0
306, 51.0
307, 47.0
308, 21.0
309, 16.0
310, 40.0
311, 53.0
312, 41.0
313, 22.0
314, 10.0
315, 11.0
316, 20.0
317, 13.0
318, 10.0
319, 40.0
320, 70.0
321, 42.0
322,  3.0
323, 13.0
324, 46.0
325, 41.0
326, 18.0
327,  0.0
328,  0.0
329,  0.0
330,  6.0
331, 19.0
332, 23.0
333, 23.0
334,  1.0
335,  0.0
336,  0.0
337,  8.0
338, 21.0
339, 23.0
340, 21.0
341, 27.0
342, 16.0
343,  0.0
344,  0.0
345,  0.0
346, 13.0
347, 20.0
348, 10.0
349,  6.0
350, 15.0
351, 12.0
352,  0.0
353,  7.0
354, 39.0
355, 42.0
356, 29.0
357,  9.0
358,  0.0
359,  0.0
360,  0.0
361,  0.0
362, 13.0
363, 29.0
364, 15.0
365, 24.0
366, 44.0
367, 59.0
368, 36.0
369, 14.0
370, 19.0
371, 30.0
372, 23.0
373, 12.0
374,  4.0
375,  0.0
376,  0.0
377,  0.0
378,  3.0
379,  6.0
380, 14.0
381, 14.0
382, 20.0
383, 24.0
384,  6.0
385,  4.0
386, 13.0
387, 17.0
388,  2.0
389,  0.0
390,  8.0
391, 29.0
392, 44.0
393, 45.0
394, 33.0
395, 31.0
396, 42.0
397, 56.0
398, 42.0
399, 24.0
400, 11.0
401, 38.0
402, 63.0
403, 67.0
404, 43.0
405, 30.0
406, 18.0
407,  4.0
408,  0.0
409,  0.0
410, 15.0
411, 38.0
412, 40.0
413, 23.0
414, 15.0
415,  7.0
416,  7.0
417, 18.0
418, 25.0
419, 26.0
420, 22.0
421, 23.0
422, 29.0
423, 30.0
424, 10.0
425,  0.0
426,  4.0
427,  1.0
428, 10.0
429, 38.0
430, 59.0
431, 51.0
432, 48.0
433, 45.0
434, 42.0
435, 35.0
436, 34.0
437, 43.0
438, 39.0
439, 34.0
440, 28.0
441, 39.0
442, 44.0
443, 39.0
444, 26.0
445, 23.0
446, 34.0
447, 48.0
448, 32.0
449, 16.0
450, 13.0
451, 28.0
452, 30.0
453, 22.0
454, 11.0
455, 21.0
456, 38.0
457, 33.0
458, 14.0
459, 16.0
460, 37.0
461, 52.0
462, 38.0
463,  0.0
464,  0.0
465,  2.0
466, 23.0
467,  4.0
468,  6.0
469, 18.0
470, 24.0
471,  7.0
472, 11.0
473, 26.0
474, 26.0
475,  4.0
476,  0.0
477, 14.0
478, 26.0
479, 11.0
480,  0.0
481, 10.0
482, 13.0
483, 24.0
484, 21.0
485,  3.0
486,  0.0
487,  0.0
488,  4.0
489,  3.0
490, 21.0
491, 45.0
492, 49.0
493, 29.0
494, 26.0
495, 32.0
496, 26.0
497,  4.0
498,  0.0
499, 13.0
500, 27.0
501, 29.0
502, 23.0
503, 23.0
504, 22.0
505, 18.0
506, 22.0
507, 42.0
508, 55.0
509, 49.0
510, 31.0
511, 32.0
512, 26.0
513,  4.0
514,  0.0
515,  0.0
516,  9.0
517, 20.0
518, 28.0
519, 26.0
520, 35.0
521, 52.0
522, 50.0
523, 22.0
524, 18.0
525, 22.0
526, 27.0
527, 26.0
528, 25.0
529,  8.0
530,  0.0
531,  0.0
532,  7.0
533, 18.0
534,  7.0
535,  3.0
536, 17.0
537, 27.0
538, 14.0
539,  7.0
540, 12.0
541, 17.0
542, 20.0
543, 23.0
544, 24.0
545, 18.0
546, 20.0
547, 30.0
548, 33.0
549, 22.0
550, 22.0
551, 31.0
552, 50.0
553, 45.0
554, 30.0
555,  6.0
556,  0.0
557,  0.0
558, 27.0
559, 48.0
560, 30.0
561,  7.0
562, 16.0
563, 45.0
564, 44.0
565, 35.0
566, 25.0
567, 23.0
568,  8.0
569,  0.0
570,  0.0
571,  3.0
572, 24.0
573, 30.0
574, 21.0
575, 22.0
576, 33.0
577, 33.0
578, 35.0
579, 41.0
580, 43.0
581, 30.0
582, 25.0
583, 36.0
584, 42.0
585, 26.0
586,  0.0
587,  0.0
588, 12.0
589, 31.0
590, 10.0
591,  0.0
592,  0.0
593, 19.0
594, 31.0
595, 39.0
596, 41.0
597, 27.0
598,  8.0
599,  0.0
600,  0.0
601,  0.0
602,  9.0
603, 24.0
604, 36.0
605, 26.0
606, 13.0
607,  9.0
608, 28.0
609, 26.0
610, 12.0
611,  2.0
612,  0.0
613,  0.0
614, 13.0
615, 22.0
616,  9.0
617,  5.0
618, 10.0
619, 11.0
620,  4.0
621,  0.0
622, 12.0
623, 32.0
624, 46.0
625, 40.0
626, 43.0
627, 43.0
628, 43.0
629, 27.0
630, 10.0
631,  0.0
632,  6.0
633, 10.0
634, 12.0
635,  6.0
636, 16.0
637,  8.0
638, 11.0
639, 11.0
640, 11.0
641,  0.0
642,  0.0
643,  0.0
644,  0.0
645,  1.0
646,  2.0
647, 10.0
648, 12.0
649, 20.0
650, 17.0
651,  3.0
652,  0.0
653,  0.0
654,  0.0
655,  0.0
656,  4.0
657, 24.0
658, 14.0
659, 20.0
660, 38.0
661, 44.0
662, 11.0
663,  4.0
664, 31.0
665, 42.0
666, 21.0
667, 13.0
668, 23.0
669, 27.0
670, 17.0
671,  2.0
672,  0.0
673,  0.0
674,  8.0
675, 25.0
676, 23.0
677,  9.0
678,  0.0
679, 20.0
680, 41.0
681, 38.0
682, 31.0
683, 35.0
684, 44.0
685, 37.0
686, 20.0
687,  6.0
688, 17.0
689, 38.0
690, 32.0
691, 24.0
692, 12.0
693, 13.0
694,  4.0
695,  4.0
696, 12.0
697, 20.0
698, 32.0
699, 41.0
700, 36.0
701, 26.0
702, 18.0
703,  8.0
704,  3.0
705,  7.0
706, 13.0
707,  7.0
708,  8.0
709,  2.0
710,  5.0
711,  0.0
712,  0.0
713,  3.0
714, 33.0
715, 35.0
716, 12.0
717,  2.0
718,  8.0
719,  3.0
720,  3.0
721, 16.0
722, 34.0
723, 26.0
724, 13.0
725,  9.0
726, 25.0
727, 30.0
728, 19.0
729,  6.0
730,  0.0
731,  0.0
732,  1.0
733, 24.0
734, 29.0
735, 16.0
736, 14.0
737, 22.0
738, 22.0
739, 13.0
740, 13.0
741,  7.0
742,  1.0
743,  3.0
744, 13.0
745, 30.0
746, 43.0
747, 35.0
748, 11.0
749,  4.0
750,  2.0
751,  0.0
752,  0.0
753, 17.0
754, 32.0
755, 22.0
756,  9.0
757, 10.0
758, 22.0
759, 20.0
760,  9.0
761,  0.0
762,  0.0
763,  0.0
764,  0.0
765,  8.0
766, 18.0
767, 25.0
768, 32.0
769, 30.0
770, 17.0
771,  5.0
772,  0.0
773,  6.0
774, 28.0
775, 42.0
776, 36.0
777, 16.0
778,  0.0
779,  1.0
780, 23.0
781, 31.0
782, 31.0
783, 27.0
784, 17.0
785,  0.0
786,  0.0
787,  0.0
788,  0.0
789,  0.0
790,  0.0
791,  1.0
792,  7.0
793, 14.0
794, 15.0
795, 18.0
796, 17.0
797, 21.0
798, 29.0
799, 20.0
800,  4.0
801,  0.0
802,  0.0
803,  0.0
804,  0.0
805, 16.0
806, 24.0
807, 26.0
808, 20.0
809,  8.0
810,  0.0
811,  0.0
812,  0.0
813,  6.0
814,  4.0
815,  0.0
816,  0.0
817,  0.0
818,  0.0
819,  7.0
820, 23.0
821, 20.0
822,  3.0
823,  7.0
824, 19.0
825, 43.0
826, 43.0
827, 24.0
828,  0.0
829,  0.0
830, 26.0
831, 19.0
832,  9.0
833, 12.0
834, 31.0
835, 27.0
836, 19.0
837,  4.0
838,  3.0
839,  2.0
840,  0.0
841,  0.0
842, 10.0
843, 11.0
844,  0.0
845,  0.0
846,  4.0
847,  0.0
848,  0.0
849,  0.0
850,  2.0
851,  0.0
852,  0.0
853, 13.0
854, 32.0
855, 34.0
856, 31.0
857, 24.0
858, 11.0
859, 16.0
860, 27.0
861, 40.0
862, 17.0
863,  0.0
864,  0.0
865,  0.0
866,  0.0
867, 12.0
868, 18.0
869, 20.0
870, 22.0
871, 39.0
872, 40.0
873, 37.0
874, 32.0
875, 30.0
876, 20.0
877, 22.0
878, 39.0
879, 44.0
880, 32.0
881, 12.0
882, 12.0
883, 14.0
884,  7.0
885,  0.0
886,  0.0
887,  3.0
888, 31.0
889, 57.0
890, 44.0
891, 19.0
892,  6.0
893,  0.0
894,  0.0
895,  0.0
896,  0.0
897,  4.0
898, 26.0
899, 39.0
900, 37.0
901, 22.0
902, 10.0
903, 12.0
904, 22.0
905, 24.0
906, 18.0
907, 10.0
908,  9.0
909, 36.0
910, 46.0
911, 25.0
912,  0.0
913,  8.0
914,  4.0
915,  9.0
916, 20.0
917, 20.0
918,  0.0
919,  0.0
920,  0.0
921,  0.0
922, 10.0
923, 16.0
924,  7.0
925,  0.0
926,  0.0
927,  0.0
928,  0.0
929,  7.0
930, 14.0
931, 12.0
932, 19.0
933, 22.0
934,  1.0
935,  0.0
936,  0.0
937, 25.0
938, 45.0
939, 40.0
940, 10.0
941,  0.0
942,  0.0
943,  4.0
944, 22.0
945, 30.0
946, 40.0
947, 40.0
948, 31.0
949, 15.0
950, 15.0
951,  9.0
952,  3.0
953,  1.0
954,  6.0
955, 26.0
956, 45.0
957, 34.0
958,  0.0
959,  0.0
960,  1.0
961, 15.0
962, 32.0
963, 24.0
964,  3.0
965,  2.0
966, 21.0
967, 31.0
968, 25.0
969, 30.0
970, 30.0
971, 33.0
972, 16.0
973,  0.0
974,  0.0
975,  0.0
976, 14.0
977, 13.0
978, 12.0
979, 14.0
980,  7.0
981,  0.0
982, 11.0
983, 30.0
984, 35.0
985, 32.0
986, 37.0
987, 43.0
988, 44.0
989, 24.0
990,  1.0
991,  0.0
992, 10.0
993,  4.0
994,  0.0
995,  0.0
996, 10.0
997,  0.0
998,  0.0
999,  0.0
1000, 20.0
1001, 36.0
1002, 25.0
1003,  2.0
1004,  0.0
1005, 14.0
1006,  5.0
1007,  0.0
1008,  0.0
1009,  3.0
1010,  1.0
1011,  2.0
1012,  5.0
1013,  0.0
1014,  0.0
1015,  1.0
1016,  9.0
1017, 24.0
1018, 25.0
1019, 22.0
1020, 22.0
1021, 18.0
1022,  0.0
1023,  0.0
1024,  7.0
1025, 10.0
1026, 11.0
1027, 18.0
1028, 13.0
1029,  9.0
1030, 33.0
1031, 48.0
1032, 22.0
1033,  0.0
1034,  0.0
1035, 18.0
1036, 32.0
1037, 36.0
1038, 14.0
1039,  6.0
1040,  9.0
1041,  8.0
1042,  1.0
1043, 14.0
1044, 31.0
1045, 31.0
1046, 28.0
1047, 34.0
1048, 24.0
1049,  7.0
1050, 24.0
1051, 42.0
1052, 50.0
1053, 35.0
1054, 11.0
1055,  0.0
1056,  0.0
1057, 20.0
1058, 24.0
1059, 25.0
1060, 33.0
1061, 23.0
1062,  7.0
1063,  4.0
1064, 14.0
1065, 32.0
1066, 38.0
1067, 30.0
1068, 38.0
1069, 41.0
1070, 35.0
1071, 13.0
1072, 11.0
1073,  9.0
1074, 15.0
1075, 21.0
1076, 21.0
1077, 13.0
1078,  5.0
1079,  9.0
1080, 18.0
1081, 30.0
1082, 30.0
1083, 24.0
1084, 24.0
1085, 28.0
1086, 13.0
1087,  3.0
1088,  8.0
1089, 26.0
1090, 20.0
1091, 19.0
1092, 33.0
1093, 35.0
1094,  3.0
1095,  0.0
1096,  0.0
1097, 14.0
1098, 45.0
1099, 93.0
1100,155.0
1101,217.0
1102,278.0
1103,319.0
1104,329.0
1105,299.0
1106,255.0
1107,187.0
1108,118.0
1109, 55.0
1110, 24.0
1111, 12.0
1112, 19.0
1113, 28.0
1114, 26.0
1115,  9.0
1116,  6.0
1117,  6.0
1118, 10.0
1119,  0.0
1120,  0.0
1121,  0.0
1122,  6.0
1123, 19.0
1124,  2.0
1125,  0.0
1126,  4.0
1127, 25.0
1128, 31.0
1129, 21.0
1130, 23.0
1131, 29.0
1132, 34.0
1133, 20.0
1134, 10.0
1135, 22.0
1136, 40.0
1137, 49.0
1138, 49.0
1139, 41.0
1140, 22.0
1141,  3.0
1142, 21.0
1143, 29.0
1144, 15.0
1145,  0.0
1146,  6.0
1147,  5.0
1148,  2.0
1149,  0.0
1150,  0.0
1151, 14.0
1152, 11.0
1153,  0.0
1154,  0.0
1155,  5.0
1156,  4.0
1157,  0.0
1158,  0.0
1159,  4.0
1160, 10.0
1161, 11.0
1162,  8.0
1163,  1.0
1164, 16.0
1165, 26.0
1166, 13.0
1167,  3.0
1168, 11.0
1169, 26.0
1170, 26.0
1171, 23.0
1172,  9.0
1173,  0.0
1174,  0.0
1175,  1.0
1176,  0.0
1177,  0.0
1178,  0.0
1179,  7.0
1180, 18.0
1181, 20.0
1182,  5.0
1183,  4.0
1184, 20.0
1185, 29.0
1186, 23.0
1187, 17.0
1188, 32.0
1189, 29.0
1190, 10.0
1191,  0.0
1192,  0.0
1193, 14.0
1194, 30.0
1195, 34.0
1196, 34.0
1197, 24.0
1198, 14.0
1199, 14.0
1200, 29.0
1201, 31.0
1202, 23.0
1203, 18.0
1204, 15.0
1205, 17.0
1206, 22.0
1207, 40.0
1208, 54.0
1209, 54.0
1210, 40.0
1211, 35.0
1212, 31.0
1213, 19.0
1214,  2.0
1215,  0.0
1216,  0.0
1217, 14.0
1218, 34.0
1219, 22.0
1220,  5.0
1221,  0.0
1222,  0.0
1223, 11.0
1224, 22.0
1225, 14.0
1226,  0.0
1227,  9.0
1228, 29.0
1229, 21.0
1230,  0.0
1231,  0.0
1232,  1.0
1233, 27.0
1234, 39.0
1235, 26.0
1236, 14.0
1237, 16.0
1238, 15.0
1239, 11.0
1240, 14.0
1241, 22.0
1242, 11.0
1243,  8.0
1244,  8.0
1245, 14.0
1246,  6.0
1247,  7.0
1248,  2.0
1249,  0.0
1250,  0.0
1251,  0.0
1252,  0.0
1253,  0.0
1254,  0.0
1255,  2.0
1256, 25.0
1257, 24.0
1258,  7.0
1259,  0.0
1260,  7.0
1261,  4.0
1262, 13.0
1263, 15.0
1264, 12.0
1265,  4.0
1266,  3.0
1267,  0.0
1268,  0.0
1269,  1.0
1270, 26.0
1271, 27.0
1272,  7.0
1273,  0.0
1274, 19.0
1275, 34.0
1276, 44.0
1277, 43.0
1278, 40.0
1279, 30.0
1280, 28.0
1281, 33.0
1282, 43.0
1283, 36.0
1284, 24.0
1285, 24.0
1286, 37.0
1287, 42.0
1288, 33.0
1289, 22.0
1290, 12.0
1291,  6.0
1292,  0.0
1293,  0.0
1294, 12.0
1295, 25.0
1296, 28.0
1297, 19.0
1298, 14.0
1299, 16.0
1300, 22.0
1301, 11.0
1302,  1.0
1303,  2.0
1304, 11.0
1305,  4.0
1306, 10.0
1307, 35.0
1308, 45.0
1309, 26.0
1310, 17.0
1311, 24.0
1312,  7.0
1313,  0.0
1314,  0.0
1315, 14.0
1316, 26.0
1317, 35.0
1318, 26.0
1319, 11.0
1320,  4.0
1321, 12.0
1322, 10.0
1323,  1.0
1324,  8.0
1325, 24.0
1326, 35.0
1327, 25.0
1328, 23.0
1329, 26.0
1330, 29.0
1331, 16.0
1332, 14.0
1333, 16.0
1334, 26.0
1335, 18.0
1336, 17.0
1337,  7.0
1338,  0.0
1339,  0.0
1340,  0.0
1341,  1.0
1342, 10.0
1343,  7.0
1344,  0.0
1345,  6.0
1346, 26.0
1347, 18.0
1348, 12.0
1349, 13.0
1350, 22.0
1351, 24.0
1352, 37.0
1353, 37.0
1354, 35.0
1355, 24.0
1356, 24.0
1357, 33.0
1358, 37.0
1359, 17.0
1360,  0.0
1361,  0.0
1362,  0.0
1363, 12.0
1364, 16.0
1365, 18.0
1366, 20.0
1367, 25.0
1368, 18.0
1369, 13.0
1370,  4.0
1371,  0.0
1372,  0.0
1373,  7.0
1374, 20.0
1375, 16.0
1376,  7.0
1377,  0.0
1378,  0.0
1379,  0.0
1380,  7.0
1381, 27.0
1382,  9.0
1383,  0.0
1384,  0.0
1385, 20.0
1386, 16.0
1387,  7.0
1388, 14.0
1389, 25.0
1390, 30.0
1391, 20.0
1392,  9.0
1393,  7.0
1394,  8.0
1395,  6.0
1396, 12.0
1397, 13.0
1398,  5.0
1399,  6.0
1400, 19.0
1401, 29.0
1402, 30.0
1403, 34.0
1404, 28.0
1405,  8.0
1406,  0.0
1407,  0.0
1408,  3.0
1409,  6.0
1410, 17.0
1411, 41.0
1412, 49.0
1413, 43.0
1414, 39.0
1415, 39.0
1416, 28.0
1417,  2.0
1418,  3.0
1419, 26.0
1420, 42.0
1421, 18.0
1422,  0.0
1423,  0.0
1424,  0.0
1425,  0.0
1426,  0.0
1427, 25.0
1428, 34.0
1429, 35.0
1430, 34.0
1431, 38.0
1432, 27.0
1433, 17.0
1434, 11.0
1435,  6.0
1436, 21.0
1437, 30.0
1438, 21.0
1439,  3.0
1440,  0.0
1441,  0.0
1442,  0.0
1443, 11.0
1444, 14.0
1445,  9.0
1446, 22.0
1447, 33.0
1448, 37.0
1449, 35.0
1450, 33.0
1451, 37.0
1452, 23.0
1453,  7.0
1454,  6.0
1455, 21.0
1456, 28.0
1457, 40.0
1458, 40.0
1459, 23.0
1460,  4.0
1461, 12.0
1462, 17.0
1463, 14.0
1464, 11.0
1465, 25.0
1466, 33.0
1467, 29.0
1468, 13.0
1469, 11.0
1470, 11.0
1471, 15.0
1472,  8.0
1473, 11.0
1474, 22.0
1475, 33.0
1476, 28.0
1477, 27.0
1478, 33.0
1479, 33.0
1480, 13.0
1481, 11.0
1482,  9.0
1483,  4.0
1484,  0.0
1485,  7.0
1486, 16.0
1487,  9.0
1488,  6.0
1489, 22.0
1490, 45.0
1491, 48.0
1492, 29.0
1493, 13.0
1494, 16.0
1495, 29.0
1496, 39.0
1497, 42.0
1498, 40.0
1499, 42.0
1500, 30.0
1501, 20.0
1502, 16.0
1503, 29.0
1504, 27.0
1505, 25.0
1506, 25.0
1507, 32.0
1508, 25.0
1509,  9.0
1510,  4.0
1511, 18.0
1512, 45.0
1513, 55.0
1514, 38.0
1515, 13.0
1516,  8.0
1517, 12.0
1518,  4.0
1519,  0.0
1520,  0.0
1521,  2.0
1522, 24.0
1523, 30.0
1524, 29.0
1525, 19.0
1526, 15.0
1527, 14.0
1528, 26.0
1529, 41.0
1530, 28.0
1531,  7.0
1532,  4.0
1533, 23.0
1534, 32.0
1535, 26.0
1536, 17.0
1537,  6.0
1538,  7.0
1539, 24.0
1540, 46.0
1541, 51.0
1542, 50.0
1543, 40.0
1544, 31.0
1545, 10.0
1546, 22.0
1547, 39.0
1548, 42.0
1549, 20.0
1550, 10.0
1551, 10.0
1552,  5.0
1553, 13.0
1554, 33.0
1555, 36.0
1556, 17.0
1557,  0.0
1558,  0.0
1559, 20.0
1560, 34.0
1561, 18.0
1562,  0.0
1563,  0.0
1564,  7.0
1565, 23.0
1566, 24.0
1567, 14.0
1568, 26.0
1569, 32.0
1570, 36.0
1571, 29.0
1572, 25.0
1573,  9.0
1574,  4.0
1575, 23.0
1576, 42.0
1577, 49.0
1578, 38.0
1579, 23.0
1580,  6.0
1581,  2.0
1582, 13.0
1583, 33.0
1584, 41.0
1585, 33.0
1586, 23.0
1587, 18.0
1588, 16.0
1589, 16.0
1590, 19.0
1591, 12.0
1592, 12.0
1593,  4.0
1594,  0.0
1595,  0.0
1596, 11.0
1597, 26.0
1598, 25.0
1599, 25.0
1600, 18.0
1601, 27.0
1602, 22.0
1603, 26.0
1604, 17.0
1605, 11.0
1606, 12.0
1607, 43.0
1608, 62.0
1609, 44.0
1610,  4.0
1611,  0.0
1612,  0.0
1613,  0.0
1614,  5.0
1615, 11.0
1616, 17.0
1617, 24.0
1618, 23.0
1619,  4.0
1620,  0.0
1621,  6.0
1622, 29.0
1623, 40.0
1624, 30.0
1625, 33.0
1626, 37.0
1627, 34.0
1628, 15.0
1629, 13.0
1630, 25.0
1631, 30.0
1632, 13.0
1633,  0.0
1634,  0.0
1635, 18.0
1636, 20.0
1637,  8.0
1638,  7.0
1639, 12.0
1640,  5.0
1641,  5.0
1642, 13.0
1643, 18.0
1644,  1.0
1645,  0.0
1646, 11.0
1647, 26.0
1648, 23.0
1649, 10.0
1650,  1.0
1651,  0.0
1652,  0.0
1653,  4.0
1654,  2.0
1655,  4.0
1656, 19.0
1657, 22.0
1658, 13.0
1659,  6.0
1660,  6.0
1661,  8.0
1662, 20.0
1663, 25.0
1664, 25.0
1665, 21.0
1666, 15.0
1667,  6.0
1668,  0.0
1669,  0.0
1670,  0.0
1671, 10.0
1672, 24.0
1673, 20.0
1674,  5.0
1675,  2.0
1676,  0.0
1677,  0.0
1678,  0.0
1679,  0.0
1680,  2.0
1681, 12.0
1682, 27.0
1683, 25.0
1684, 18.0
1685, 17.0
1686, 29.0
1687, 19.0
1688,  5.0
1689,  5.0
1690, 15.0
1691, 15.0
1692, 18.0
1693, 24.0
1694, 36.0
1695, 33.0
1696, 35.0
1697, 33.0
1698, 31.0
1699, 18.0
1700,  9.0
1701,  7.0
1702, 14.0
1703, 22.0
1704, 36.0
1705, 37.0
1706, 16.0
1707,  1.0
1708, 13.0
1709,  7.0
1710,  0.0
1711,  9.0
1712, 34.0
1713, 18.0
1714,  6.0
1715, 15.0
1716, 22.0
1717,  9.0
1718,  0.0
1719,  0.0
1720,  0.0
1721,  0.0
1722,  6.0
1723, 26.0
1724, 16.0
1725, 13.0
1726, 16.0
1727, 16.0
1728,  6.0
1729,  8.0
1730,  8.0
1731,  1.0
1732,  0.0
1733, 10.0
1734, 28.0
1735, 26.0
1736,  8.0
1737,  0.0
1738,  0.0
1739,  2.0
1740, 30.0
1741, 47.0
1742, 33.0
1743, 10.0
1744, 11.0
1745, 16.0
1746, 14.0
1747,  4.0
1748,  3.0
1749,  0.0
1750,  0.0
1751,  1.0
1752, 22.0
1753, 29.0
1754, 24.0
1755, 15.0
1756, 20.0
1757, 29.0
1758, 34.0
1759, 33.0
1760, 33.0
1761, 33.0
1762, 30.0
1763, 31.0
1764, 26.0
1765, 17.0
1766,  3.0
1767,  0.0
1768,  1.0
1769,  0.0
1770, 13.0
1771, 21.0
1772, 29.0
1773, 25.0
1774, 31.0
1775, 14.0
1776,  7.0
1777,  9.0
1778, 24.0
1779, 29.0
1780, 31.0
1781, 22.0
1782,  4.0
1783,  3.0
1784, 14.0
1785, 23.0
1786, 12.0
1787, 11.0
1788, 15.0
1789, 15.0
1790, 14.0
1791,  8.0
1792,  4.0
1793, 13.0
1794, 21.0
1795,  6.0
1796,  9.0
1797, 25.0
1798, 25.0
1799,  7.0
1800,  1.0
1801, 11.0
1802, 21.0
1803, 28.0
1804, 19.0
1805, 18.0
1806, 26.0
1807, 30.0
1808, 23.0
1809, 17.0
1810, 14.0
1811, 10.0
1812, 12.0
1813,  9.0
1814, 17.0
1815, 34.0
1816, 44.0
1817, 25.0
1818, 10.0
1819, 19.0
1820, 36.0
1821, 29.0
1822,  0.0
1823,  0.0
1824,  1.0
1825, 19.0
1826, 25.0
1827, 37.0
1828, 55.0
1829, 58.0
1830, 31.0
1831, 21.0
1832, 25.0
1833, 33.0
1834, 28.0
1835, 16.0
1836,  0.0
1837,  0.0
1838,  6.0
1839, 19.0
1840,  9.0
1841,  4.0
1842, 22.0
1843, 37.0
1844, 37.0
1845, 38.0
1846, 41.0
1847, 24.0
1848, 11.0
1849,  1.0
1850,  4.0
1851,  9.0
1852, 27.0
1853, 30.0
1854, 20.0
1855, 22.0
1856, 37.0
1857, 28.0
1858,  9.0
1859,  1.0
1860,  9.0
1861,  4.0
1862,  4.0
1863, 24.0
1864, 35.0
1865, 35.0
1866, 20.0
1867, 22.0
1868, 16.0
1869, 14.0
1870, 12.0
1871, 20.0
1872, 23.0
1873, 35.0
1874, 39.0
1875, 26.0
1876,  0.0
1877,  0.0
1878,  6.0
1879, 18.0
1880, 15.0
1881, 13.0
1882, 10.0
1883, 10.0
1884,  7.0
1885,  9.0
1886,  4.0
1887,  9.0
1888, 20.0
1889, 14.0
1890, 23.0
1891, 40.0
1892, 50.0
1893, 28.0
1894, 24.0
1895, 27.0
1896, 18.0
1897, 12.0
1898,  8.0
1899,  9.0
1900,  4.0
1901,  9.0
1902, 16.0
1903, 11.0
1904, 11.0
1905,  3.0
1906,  6.0
1907,  0.0
1908,  0.0
1909, 14.0
1910, 28.0
1911, 26.0
1912,  9.0
1913, 10.0
1914, 19.0
1915, 16.0
1916, 13.0
1917, 15.0
1918, 23.0
1919, 26.0
1920, 21.0
1921,  9.0
1922,  0.0
1923,  0.0
1924,  0.0
1925,  0.0
1926,  0.0
1927,  0.0
1928,  0.0
1929,  0.0
1930,  8.0
1931,  0.0
1932,  0.0
1933,  0.0
1934,  0.0
1935,  9.0
1936, 31.0
1937, 39.0
1938, 24.0
1939,  8.0
1940,  6.0
1941, 14.0
1942, 14.0
1943,  7.0
1944,  8.0
1945,  0.0
1946,  0.0
1947,  7.0
1948, 26.0
1949, 36.0
1950, 21.0
1951, 11.0
1952,  1.0
1953,  2.0
1954,  0.0
1955,  0.0
1956,  6.0
1957, 18.0
1958, 18.0
1959,  1.0
1960,  0.0
1961, 11.0
1962, 26.0
1963, 33.0
1964, 28.0
1965,  8.0
1966,  0.0
1967,  0.0
1968, 11.0
1969, 13.0
1970, 15.0
1971, 15.0
1972, 20.0
1973, 16.0
1974,  0.0
1975,  0.0
1976,  4.0
1977, 21.0
1978, 28.0
1979, 40.0
1980, 39.0
1981, 35.0
1982, 30.0
1983, 23.0
1984, 12.0
1985, 16.0
1986, 24.0
1987, 32.0
1988, 12.0
1989,  0.0
1990,  0.0
1991, 19.0
1992, 34.0
1993, 24.0
1994, 11.0
1995,  0.0
1996,  0.0
1997,  0.0
1998,  0.0
1999,  0.0
2000,  0.0
2001,  0.0
2002,  3.0
2003, 14.0
2004, 18.0
2005, 13.0
2006,  7.0
2007, 14.0
2008,  6.0
2009,  7.0
2010, 15.0
2011, 27.0
2012, 19.0
2013,  7.0
2014,  9.0
2015, 21.0
2016, 14.0
2017,  4.0
2018, 10.0
2019, 24.0
2020, 29.0
2021, 32.0
2022, 27.0
2023, 14.0
2024, 10.0
2025,  7.0
2026,  6.0
2027,  7.0
2028,  9.0
2029,  4.0
2030,  0.0
2031, 12.0
2032, 25.0
2033, 29.0
2034, 20.0
2035, 17.0
2036, 20.0
2037, 18.0
2038, 11.0
2039, 12.0
2040, 23.0
2041, 20.0
2042,  7.0
2043,  0.0
2044,  0.0
2045,  3.0
2046, 22.0
2047,865.0
2048,865.0
